TrialReplay

Frame:	2
0.999999	-1.29154e-003	0.	0.	
1.29154e-003	0.999999	0.	0.	
0.	0.	1.	0.	
-1.9286	-0.11394	0.	1.	
Dynamic:	1	

Frame:	3
0.562344	-0.826903	0.	0.	
0.826903	0.562344	0.	0.	
0.	0.	1.	0.	
1.7469	0.304707	0.	1.	
Dynamic:	1	

Frame:	4
0.739441	-0.673221	0.	0.	
0.673221	0.739441	0.	0.	
0.	0.	1.	0.	
1.31103	0.391515	0.	1.	
Dynamic:	1	

Frame:	5
0.963337	-0.268293	0.	0.	
0.268293	0.963337	0.	0.	
0.	0.	1.	0.	
0.444462	0.256652	0.	1.	
Dynamic:	1	

Frame:	6
0.816756	-0.576984	0.	0.	
0.576984	0.816756	0.	0.	
0.	0.	1.	0.	
1.07708	0.395566	0.	1.	
Dynamic:	1	

Frame:	7
0.999312	-3.70985e-002	0.	0.	
3.70985e-002	0.999312	0.	0.	
0.	0.	1.	0.	
5.63704e-002	4.20514e-002	0.	1.	
Dynamic:	1	

Frame:	8
0.999204	-3.98816e-002	0.	0.	
3.98816e-002	0.999204	0.	0.	
0.	0.	1.	0.	
6.06639e-002	4.51229e-002	0.	1.	
Dynamic:	1	

Frame:	9
0.999306	-3.72559e-002	0.	0.	
3.72559e-002	0.999306	0.	0.	
0.	0.	1.	0.	
5.6613e-002	4.22255e-002	0.	1.	
Dynamic:	1	

Frame:	10
0.999332	-3.65322e-002	0.	0.	
3.65322e-002	0.999332	0.	0.	
0.	0.	1.	0.	
5.54979e-002	4.14251e-002	0.	1.	
Dynamic:	1	

Frame:	11
0.999371	-3.54532e-002	0.	0.	
3.54532e-002	0.999371	0.	0.	
0.	0.	1.	0.	
5.38366e-002	4.02303e-002	0.	1.	
Dynamic:	1	

Frame:	12
0.999221	-3.94693e-002	0.	0.	
3.94693e-002	0.999221	0.	0.	
0.	0.	1.	0.	
6.00273e-002	4.46687e-002	0.	1.	
Dynamic:	1	

Frame:	13
0.999356	-3.58907e-002	0.	0.	
3.58907e-002	0.999356	0.	0.	
0.	0.	1.	0.	
5.451e-002	4.07149e-002	0.	1.	
Dynamic:	1	

Frame:	14
0.998705	-5.08724e-002	0.	0.	
5.08724e-002	0.998705	0.	0.	
0.	0.	1.	0.	
7.77071e-002	5.71387e-002	0.	1.	
Dynamic:	1	

Frame:	15
0.99855	-5.3825e-002	0.	0.	
5.3825e-002	0.99855	0.	0.	
0.	0.	1.	0.	
8.23097e-002	6.03358e-002	0.	1.	
Dynamic:	1	

Frame:	16
0.99942	-3.40482e-002	0.	0.	
3.40482e-002	0.99942	0.	0.	
0.	0.	1.	0.	
5.16753e-002	3.86718e-002	0.	1.	
Dynamic:	1	

Frame:	17
0.999347	-3.61261e-002	0.	0.	
3.61261e-002	0.999347	0.	0.	
0.	0.	1.	0.	
5.48725e-002	4.09756e-002	0.	1.	
Dynamic:	1	

Frame:	18
0.999392	-3.48737e-002	0.	0.	
3.48737e-002	0.999392	0.	0.	
0.	0.	1.	0.	
5.29448e-002	3.95878e-002	0.	1.	
Dynamic:	1	

Frame:	19
0.999194	-4.01337e-002	0.	0.	
4.01337e-002	0.999194	0.	0.	
0.	0.	1.	0.	
6.10532e-002	4.54006e-002	0.	1.	
Dynamic:	1	

Frame:	20
0.999277	-3.80269e-002	0.	0.	
3.80269e-002	0.999277	0.	0.	
0.	0.	1.	0.	
5.78017e-002	4.30774e-002	0.	1.	
Dynamic:	1	

Frame:	21
0.999201	-3.9961e-002	0.	0.	
3.9961e-002	0.999201	0.	0.	
0.	0.	1.	0.	
6.07865e-002	4.52104e-002	0.	1.	
Dynamic:	1	

Frame:	22
0.999376	-3.53223e-002	0.	0.	
3.53223e-002	0.999376	0.	0.	
0.	0.	1.	0.	
5.36351e-002	4.00851e-002	0.	1.	
Dynamic:	1	

Frame:	23
0.999401	-3.46006e-002	0.	0.	
3.46006e-002	0.999401	0.	0.	
0.	0.	1.	0.	
5.25248e-002	3.92849e-002	0.	1.	
Dynamic:	1	

Frame:	24
0.998713	-5.07151e-002	0.	0.	
5.07151e-002	0.998713	0.	0.	
0.	0.	1.	0.	
7.74622e-002	5.6968e-002	0.	1.	
Dynamic:	1	

Frame:	25
0.997585	-6.94567e-002	0.	0.	
6.94567e-002	0.997585	0.	0.	
0.	0.	1.	0.	
0.106846	7.70428e-002	0.	1.	
Dynamic:	1	

Frame:	26
0.999435	-3.36198e-002	0.	0.	
3.36198e-002	0.999435	0.	0.	
0.	0.	1.	0.	
5.10167e-002	3.8196e-002	0.	1.	
Dynamic:	1	

Frame:	27
0.999382	-3.51649e-002	0.	0.	
3.51649e-002	0.999382	0.	0.	
0.	0.	1.	0.	
5.33928e-002	3.99106e-002	0.	1.	
Dynamic:	1	

Frame:	28
0.999279	-3.79608e-002	0.	0.	
3.79608e-002	0.999279	0.	0.	
0.	0.	1.	0.	
5.76997e-002	4.30043e-002	0.	1.	
Dynamic:	1	

Frame:	29
0.999375	-3.53536e-002	0.	0.	
3.53536e-002	0.999375	0.	0.	
0.	0.	1.	0.	
5.36833e-002	4.01199e-002	0.	1.	
Dynamic:	1	

Frame:	30
0.999409	-3.43687e-002	0.	0.	
3.43687e-002	0.999409	0.	0.	
0.	0.	1.	0.	
5.2168e-002	3.90275e-002	0.	1.	
Dynamic:	1	

Frame:	31
0.999327	-3.66778e-002	0.	0.	
3.66778e-002	0.999327	0.	0.	
0.	0.	1.	0.	
5.57222e-002	4.15861e-002	0.	1.	
Dynamic:	1	

Frame:	32
0.999266	-3.83069e-002	0.	0.	
3.83069e-002	0.999266	0.	0.	
0.	0.	1.	0.	
5.82335e-002	4.33865e-002	0.	1.	
Dynamic:	1	

Frame:	33
0.999249	-3.8745e-002	0.	0.	
3.8745e-002	0.999249	0.	0.	
0.	0.	1.	0.	
5.89094e-002	4.387e-002	0.	1.	
Dynamic:	1	

Frame:	34
0.999269	-3.82233e-002	0.	0.	
3.82233e-002	0.999269	0.	0.	
0.	0.	1.	0.	
5.81046e-002	4.32942e-002	0.	1.	
Dynamic:	1	

Frame:	35
0.99926	-3.84511e-002	0.	0.	
3.84511e-002	0.99926	0.	0.	
0.	0.	1.	0.	
5.84559e-002	4.35456e-002	0.	1.	
Dynamic:	1	

Frame:	36
0.999257	-3.85312e-002	0.	0.	
3.85312e-002	0.999257	0.	0.	
0.	0.	1.	0.	
5.85795e-002	4.3634e-002	0.	1.	
Dynamic:	1	

Frame:	37
0.999262	-3.84218e-002	0.	0.	
3.84218e-002	0.999262	0.	0.	
0.	0.	1.	0.	
5.84108e-002	4.35134e-002	0.	1.	
Dynamic:	1	

Frame:	38
0.99926	-3.84615e-002	0.	0.	
3.84615e-002	0.99926	0.	0.	
0.	0.	1.	0.	
5.8472e-002	4.35572e-002	0.	1.	
Dynamic:	1	

Frame:	39
0.999256	-3.85549e-002	0.	0.	
3.85549e-002	0.999256	0.	0.	
0.	0.	1.	0.	
5.8616e-002	4.36602e-002	0.	1.	
Dynamic:	1	

Frame:	40
0.99926	-3.84615e-002	0.	0.	
3.84615e-002	0.99926	0.	0.	
0.	0.	1.	0.	
5.8472e-002	4.35572e-002	0.	1.	
Dynamic:	1	

Frame:	41
0.999259	-3.84831e-002	0.	0.	
3.84831e-002	0.999259	0.	0.	
0.	0.	1.	0.	
5.85053e-002	4.3581e-002	0.	1.	
Dynamic:	1	

Frame:	42
0.999255	-3.85883e-002	0.	0.	
3.85883e-002	0.999255	0.	0.	
0.	0.	1.	0.	
5.86676e-002	4.36971e-002	0.	1.	
Dynamic:	1	

Frame:	43
0.99921	-3.97403e-002	0.	0.	
3.97403e-002	0.99921	0.	0.	
0.	0.	1.	0.	
6.04456e-002	4.49672e-002	0.	1.	
Dynamic:	1	

Frame:	44
0.999231	-3.92068e-002	0.	0.	
3.92068e-002	0.999231	0.	0.	
0.	0.	1.	0.	
5.9622e-002	4.43792e-002	0.	1.	
Dynamic:	1	

Frame:	45
0.999328	-3.66464e-002	0.	0.	
3.66464e-002	0.999328	0.	0.	
0.	0.	1.	0.	
5.56739e-002	4.15515e-002	0.	1.	
Dynamic:	1	

Frame:	46
0.999196	-4.00794e-002	0.	0.	
4.00794e-002	0.999196	0.	0.	
0.	0.	1.	0.	
6.09693e-002	4.53408e-002	0.	1.	
Dynamic:	1	

Frame:	47
0.99912	-4.19507e-002	0.	0.	
4.19507e-002	0.99912	0.	0.	
0.	0.	1.	0.	
6.38616e-002	4.73988e-002	0.	1.	
Dynamic:	1	

Frame:	48
0.999328	-3.66541e-002	0.	0.	
3.66541e-002	0.999328	0.	0.	
0.	0.	1.	0.	
5.56857e-002	4.15599e-002	0.	1.	
Dynamic:	1	

Frame:	49
0.999328	-3.66436e-002	0.	0.	
3.66436e-002	0.999328	0.	0.	
0.	0.	1.	0.	
5.56696e-002	4.15484e-002	0.	1.	
Dynamic:	1	

Frame:	50
0.999068	-4.3154e-002	0.	0.	
4.3154e-002	0.999068	0.	0.	
0.	0.	1.	0.	
6.57236e-002	4.87195e-002	0.	1.	
Dynamic:	1	

Frame:	51
0.999345	-3.61853e-002	0.	0.	
3.61853e-002	0.999345	0.	0.	
0.	0.	1.	0.	
5.49637e-002	4.10411e-002	0.	1.	
Dynamic:	1	

Frame:	52
0.999298	-3.74746e-002	0.	0.	
3.74746e-002	0.999298	0.	0.	
0.	0.	1.	0.	
5.69501e-002	4.24672e-002	0.	1.	
Dynamic:	1	

Frame:	53
0.999172	-4.06832e-002	0.	0.	
4.06832e-002	0.999172	0.	0.	
0.	0.	1.	0.	
6.19021e-002	4.60054e-002	0.	1.	
Dynamic:	1	

Frame:	54
0.999301	-3.73771e-002	0.	0.	
3.73771e-002	0.999301	0.	0.	
0.	0.	1.	0.	
5.67998e-002	4.23594e-002	0.	1.	
Dynamic:	1	

Frame:	55
0.999178	-4.05453e-002	0.	0.	
4.05453e-002	0.999178	0.	0.	
0.	0.	1.	0.	
6.16891e-002	4.58537e-002	0.	1.	
Dynamic:	1	

Frame:	56
0.999223	-3.94171e-002	0.	0.	
3.94171e-002	0.999223	0.	0.	
0.	0.	1.	0.	
5.99466e-002	4.46111e-002	0.	1.	
Dynamic:	1	

Frame:	57
0.999263	-3.83933e-002	0.	0.	
3.83933e-002	0.999263	0.	0.	
0.	0.	1.	0.	
5.83667e-002	4.34818e-002	0.	1.	
Dynamic:	1	

Frame:	58
0.999302	-3.73632e-002	0.	0.	
3.73632e-002	0.999302	0.	0.	
0.	0.	1.	0.	
5.67783e-002	4.2344e-002	0.	1.	
Dynamic:	1	

Frame:	59
0.999277	-3.80151e-002	0.	0.	
3.80151e-002	0.999277	0.	0.	
0.	0.	1.	0.	
5.77834e-002	4.30643e-002	0.	1.	
Dynamic:	1	

Frame:	60
0.999241	-3.89665e-002	0.	0.	
3.89665e-002	0.999241	0.	0.	
0.	0.	1.	0.	
5.92511e-002	4.41143e-002	0.	1.	
Dynamic:	1	

Frame:	61
0.99932	-3.68714e-002	0.	0.	
3.68714e-002	0.99932	0.	0.	
0.	0.	1.	0.	
5.60205e-002	4.18003e-002	0.	1.	
Dynamic:	1	

Frame:	62
0.999243	-3.89059e-002	0.	0.	
3.89059e-002	0.999243	0.	0.	
0.	0.	1.	0.	
5.91576e-002	4.40474e-002	0.	1.	
Dynamic:	1	

Frame:	63
0.999226	-3.93475e-002	0.	0.	
3.93475e-002	0.999226	0.	0.	
0.	0.	1.	0.	
5.98391e-002	4.45343e-002	0.	1.	
Dynamic:	1	

Frame:	64
0.999224	-3.93753e-002	0.	0.	
3.93753e-002	0.999224	0.	0.	
0.	0.	1.	0.	
5.98821e-002	4.4565e-002	0.	1.	
Dynamic:	1	

Frame:	65
0.99924	-3.89728e-002	0.	0.	
3.89728e-002	0.99924	0.	0.	
0.	0.	1.	0.	
5.92608e-002	4.41212e-002	0.	1.	
Dynamic:	1	

Frame:	66
0.999237	-3.90675e-002	0.	0.	
3.90675e-002	0.999237	0.	0.	
0.	0.	1.	0.	
5.9407e-002	4.42256e-002	0.	1.	
Dynamic:	1	

Frame:	67
0.999205	-3.98656e-002	0.	0.	
3.98656e-002	0.999205	0.	0.	
0.	0.	1.	0.	
6.06391e-002	4.51053e-002	0.	1.	
Dynamic:	1	

Frame:	68
0.999229	-3.92527e-002	0.	0.	
3.92527e-002	0.999229	0.	0.	
0.	0.	1.	0.	
5.96929e-002	4.44299e-002	0.	1.	
Dynamic:	1	

Frame:	69
0.999139	-4.14939e-002	0.	0.	
4.14939e-002	0.999139	0.	0.	
0.	0.	1.	0.	
6.31551e-002	4.68969e-002	0.	1.	
Dynamic:	1	

Frame:	70
0.999233	-3.91504e-002	0.	0.	
3.91504e-002	0.999233	0.	0.	
0.	0.	1.	0.	
5.95349e-002	4.4317e-002	0.	1.	
Dynamic:	1	

Frame:	71
0.999143	-4.13894e-002	0.	0.	
4.13894e-002	0.999143	0.	0.	
0.	0.	1.	0.	
6.29936e-002	4.67821e-002	0.	1.	
Dynamic:	1	

Frame:	72
0.999214	-3.96525e-002	0.	0.	
3.96525e-002	0.999214	0.	0.	
0.	0.	1.	0.	
6.03101e-002	4.48705e-002	0.	1.	
Dynamic:	1	

Frame:	73
0.999241	-3.89463e-002	0.	0.	
3.89463e-002	0.999241	0.	0.	
0.	0.	1.	0.	
5.92199e-002	4.4092e-002	0.	1.	
Dynamic:	1	

Frame:	74
0.99919	-4.02473e-002	0.	0.	
4.02473e-002	0.99919	0.	0.	
0.	0.	1.	0.	
6.12286e-002	4.55256e-002	0.	1.	
Dynamic:	1	

Frame:	75
0.999175	-4.05997e-002	0.	0.	
4.05997e-002	0.999175	0.	0.	
0.	0.	1.	0.	
6.1773e-002	4.59135e-002	0.	1.	
Dynamic:	1	

Frame:	76
0.999159	-4.10029e-002	0.	0.	
4.10029e-002	0.999159	0.	0.	
0.	0.	1.	0.	
6.23961e-002	4.63571e-002	0.	1.	
Dynamic:	1	

Frame:	77
0.999222	-3.94457e-002	0.	0.	
3.94457e-002	0.999222	0.	0.	
0.	0.	1.	0.	
5.99907e-002	4.46426e-002	0.	1.	
Dynamic:	1	

Frame:	78
0.999213	-3.96581e-002	0.	0.	
3.96581e-002	0.999213	0.	0.	
0.	0.	1.	0.	
6.03187e-002	4.48766e-002	0.	1.	
Dynamic:	1	

Frame:	79
0.999247	-3.87938e-002	0.	0.	
3.87938e-002	0.999247	0.	0.	
0.	0.	1.	0.	
5.89846e-002	4.39237e-002	0.	1.	
Dynamic:	1	

Frame:	80
0.999285	-3.78145e-002	0.	0.	
3.78145e-002	0.999285	0.	0.	
0.	0.	1.	0.	
5.74741e-002	4.28427e-002	0.	1.	
Dynamic:	1	

Frame:	81
0.999215	-3.96058e-002	0.	0.	
3.96058e-002	0.999215	0.	0.	
0.	0.	1.	0.	
6.0238e-002	4.48191e-002	0.	1.	
Dynamic:	1	

Frame:	82
0.999212	-3.9695e-002	0.	0.	
3.9695e-002	0.999212	0.	0.	
0.	0.	1.	0.	
6.03757e-002	4.49173e-002	0.	1.	
Dynamic:	1	

Frame:	83
0.999195	-4.01275e-002	0.	0.	
4.01275e-002	0.999195	0.	0.	
0.	0.	1.	0.	
6.10436e-002	4.53937e-002	0.	1.	
Dynamic:	1	

Frame:	84
0.999242	-3.89268e-002	0.	0.	
3.89268e-002	0.999242	0.	0.	
0.	0.	1.	0.	
5.91899e-002	4.40705e-002	0.	1.	
Dynamic:	1	

Frame:	85
0.999185	-4.03705e-002	0.	0.	
4.03705e-002	0.999185	0.	0.	
0.	0.	1.	0.	
6.1419e-002	4.56613e-002	0.	1.	
Dynamic:	1	

Frame:	86
0.999135	-4.15739e-002	0.	0.	
4.15739e-002	0.999135	0.	0.	
0.	0.	1.	0.	
6.32789e-002	4.69849e-002	0.	1.	
Dynamic:	1	

Frame:	87
0.999262	-3.8403e-002	0.	0.	
3.8403e-002	0.999262	0.	0.	
0.	0.	1.	0.	
5.83818e-002	4.34926e-002	0.	1.	
Dynamic:	1	

Frame:	88
0.999268	-3.82568e-002	0.	0.	
3.82568e-002	0.999268	0.	0.	
0.	0.	1.	0.	
5.81562e-002	4.33311e-002	0.	1.	
Dynamic:	1	

Frame:	89
0.999278	-3.79949e-002	0.	0.	
3.79949e-002	0.999278	0.	0.	
0.	0.	1.	0.	
5.77523e-002	4.3042e-002	0.	1.	
Dynamic:	1	

Frame:	90
0.99923	-3.92395e-002	0.	0.	
3.92395e-002	0.99923	0.	0.	
0.	0.	1.	0.	
5.96725e-002	4.44153e-002	0.	1.	
Dynamic:	1	

Frame:	91
0.999269	-3.82268e-002	0.	0.	
3.82268e-002	0.999269	0.	0.	
0.	0.	1.	0.	
5.811e-002	4.32981e-002	0.	1.	
Dynamic:	1	

Frame:	92
0.999267	-3.82846e-002	0.	0.	
3.82846e-002	0.999267	0.	0.	
0.	0.	1.	0.	
5.81991e-002	4.33619e-002	0.	1.	
Dynamic:	1	

Frame:	93
0.999326	-3.67182e-002	0.	0.	
3.67182e-002	0.999326	0.	0.	
0.	0.	1.	0.	
5.57844e-002	4.16308e-002	0.	1.	
Dynamic:	1	

Frame:	94
0.999235	-3.91009e-002	0.	0.	
3.91009e-002	0.999235	0.	0.	
0.	0.	1.	0.	
5.94586e-002	4.42625e-002	0.	1.	
Dynamic:	1	

Frame:	95
0.999216	-3.95912e-002	0.	0.	
3.95912e-002	0.999216	0.	0.	
0.	0.	1.	0.	
6.02154e-002	4.4803e-002	0.	1.	
Dynamic:	1	

Frame:	96
0.999241	-3.8956e-002	0.	0.	
3.8956e-002	0.999241	0.	0.	
0.	0.	1.	0.	
5.9235e-002	4.41027e-002	0.	1.	
Dynamic:	1	

Frame:	97
0.999227	-3.93071e-002	0.	0.	
3.93071e-002	0.999227	0.	0.	
0.	0.	1.	0.	
5.97768e-002	4.44898e-002	0.	1.	
Dynamic:	1	

Frame:	98
0.999247	-3.87889e-002	0.	0.	
3.87889e-002	0.999247	0.	0.	
0.	0.	1.	0.	
5.89771e-002	4.39184e-002	0.	1.	
Dynamic:	1	

Frame:	99
0.99928	-3.79454e-002	0.	0.	
3.79454e-002	0.99928	0.	0.	
0.	0.	1.	0.	
5.7676e-002	4.29874e-002	0.	1.	
Dynamic:	1	

Frame:	100
0.999247	-3.87945e-002	0.	0.	
3.87945e-002	0.999247	0.	0.	
0.	0.	1.	0.	
5.89857e-002	4.39245e-002	0.	1.	
Dynamic:	1	

Frame:	101
0.999274	-3.80994e-002	0.	0.	
3.80994e-002	0.999274	0.	0.	
0.	0.	1.	0.	
5.79134e-002	4.31574e-002	0.	1.	
Dynamic:	1	

Frame:	102
0.999126	-4.17891e-002	0.	0.	
4.17891e-002	0.999126	0.	0.	
0.	0.	1.	0.	
6.36117e-002	4.72213e-002	0.	1.	
Dynamic:	1	

Frame:	103
0.999193	-4.0163e-002	0.	0.	
4.0163e-002	0.999193	0.	0.	
0.	0.	1.	0.	
6.10984e-002	4.54328e-002	0.	1.	
Dynamic:	1	

Frame:	104
0.999177	-4.05537e-002	0.	0.	
4.05537e-002	0.999177	0.	0.	
0.	0.	1.	0.	
6.1702e-002	4.58629e-002	0.	1.	
Dynamic:	1	

Frame:	105
0.999187	-4.03113e-002	0.	0.	
4.03113e-002	0.999187	0.	0.	
0.	0.	1.	0.	
6.13276e-002	4.55961e-002	0.	1.	
Dynamic:	1	

Frame:	106
0.999193	-4.0163e-002	0.	0.	
4.0163e-002	0.999193	0.	0.	
0.	0.	1.	0.	
6.10984e-002	4.54328e-002	0.	1.	
Dynamic:	1	

Frame:	107
0.999159	-4.09931e-002	0.	0.	
4.09931e-002	0.999159	0.	0.	
0.	0.	1.	0.	
6.23811e-002	4.63464e-002	0.	1.	
Dynamic:	1	

Frame:	108
0.999183	-4.04137e-002	0.	0.	
4.04137e-002	0.999183	0.	0.	
0.	0.	1.	0.	
6.14857e-002	4.57088e-002	0.	1.	
Dynamic:	1	

Frame:	109
0.999124	-4.18379e-002	0.	0.	
4.18379e-002	0.999124	0.	0.	
0.	0.	1.	0.	
6.36871e-002	4.72749e-002	0.	1.	
Dynamic:	1	

Frame:	110
0.999211	-3.97201e-002	0.	0.	
3.97201e-002	0.999211	0.	0.	
0.	0.	1.	0.	
6.04144e-002	4.49449e-002	0.	1.	
Dynamic:	1	

Frame:	111
0.999218	-3.95432e-002	0.	0.	
3.95432e-002	0.999218	0.	0.	
0.	0.	1.	0.	
6.01412e-002	4.475e-002	0.	1.	
Dynamic:	1	

Frame:	112
0.999263	-3.83821e-002	0.	0.	
3.83821e-002	0.999263	0.	0.	
0.	0.	1.	0.	
5.83495e-002	4.34695e-002	0.	1.	
Dynamic:	1	

Frame:	113
0.99926	-3.84755e-002	0.	0.	
3.84755e-002	0.99926	0.	0.	
0.	0.	1.	0.	
5.84935e-002	4.35725e-002	0.	1.	
Dynamic:	1	

Frame:	114
0.999206	-3.98357e-002	0.	0.	
3.98357e-002	0.999206	0.	0.	
0.	0.	1.	0.	
6.05929e-002	4.50723e-002	0.	1.	
Dynamic:	1	

Frame:	115
0.999223	-3.9406e-002	0.	0.	
3.9406e-002	0.999223	0.	0.	
0.	0.	1.	0.	
5.99294e-002	4.45988e-002	0.	1.	
Dynamic:	1	

Frame:	116
0.999093	-4.25705e-002	0.	0.	
4.25705e-002	0.999093	0.	0.	
0.	0.	1.	0.	
6.48204e-002	4.80793e-002	0.	1.	
Dynamic:	1	

Frame:	117
0.999207	-3.98245e-002	0.	0.	
3.98245e-002	0.999207	0.	0.	
0.	0.	1.	0.	
6.05757e-002	4.506e-002	0.	1.	
Dynamic:	1	

Frame:	118
0.999201	-3.99589e-002	0.	0.	
3.99589e-002	0.999201	0.	0.	
0.	0.	1.	0.	
6.07833e-002	4.52081e-002	0.	1.	
Dynamic:	1	

Frame:	119
0.999225	-3.93558e-002	0.	0.	
3.93558e-002	0.999225	0.	0.	
0.	0.	1.	0.	
5.9852e-002	4.45435e-002	0.	1.	
Dynamic:	1	

Frame:	120
0.999225	-3.93523e-002	0.	0.	
3.93523e-002	0.999225	0.	0.	
0.	0.	1.	0.	
5.98466e-002	4.45397e-002	0.	1.	
Dynamic:	1	

Frame:	121
0.999248	-3.87854e-002	0.	0.	
3.87854e-002	0.999248	0.	0.	
0.	0.	1.	0.	
5.89717e-002	4.39145e-002	0.	1.	
Dynamic:	1	

Frame:	122
0.999209	-3.97598e-002	0.	0.	
3.97598e-002	0.999209	0.	0.	
0.	0.	1.	0.	
6.04757e-002	4.49887e-002	0.	1.	
Dynamic:	1	

Frame:	123
0.999228	-3.92876e-002	0.	0.	
3.92876e-002	0.999228	0.	0.	
0.	0.	1.	0.	
5.97467e-002	4.44683e-002	0.	1.	
Dynamic:	1	

Frame:	124
0.99921	-3.97326e-002	0.	0.	
3.97326e-002	0.99921	0.	0.	
0.	0.	1.	0.	
6.04337e-002	4.49588e-002	0.	1.	
Dynamic:	1	

Frame:	125
0.999193	-4.01546e-002	0.	0.	
4.01546e-002	0.999193	0.	0.	
0.	0.	1.	0.	
6.10855e-002	4.54236e-002	0.	1.	
Dynamic:	1	

Frame:	126
0.999173	-4.06686e-002	0.	0.	
4.06686e-002	0.999173	0.	0.	
0.	0.	1.	0.	
6.18795e-002	4.59893e-002	0.	1.	
Dynamic:	1	

Frame:	127
0.999135	-4.15941e-002	0.	0.	
4.15941e-002	0.999135	0.	0.	
0.	0.	1.	0.	
6.33102e-002	4.70071e-002	0.	1.	
Dynamic:	1	

Frame:	128
0.999012	-4.44408e-002	0.	0.	
4.44408e-002	0.999012	0.	0.	
0.	0.	1.	0.	
6.77167e-002	5.01294e-002	0.	1.	
Dynamic:	1	

Frame:	129
0.999116	-4.20336e-002	0.	0.	
4.20336e-002	0.999116	0.	0.	
0.	0.	1.	0.	
6.39898e-002	4.74898e-002	0.	1.	
Dynamic:	1	

Frame:	130
0.999098	-4.24674e-002	0.	0.	
4.24674e-002	0.999098	0.	0.	
0.	0.	1.	0.	
6.46609e-002	4.79662e-002	0.	1.	
Dynamic:	1	

Frame:	131
0.999179	-4.05112e-002	0.	0.	
4.05112e-002	0.999179	0.	0.	
0.	0.	1.	0.	
6.16364e-002	4.58161e-002	0.	1.	
Dynamic:	1	

Frame:	132
0.999229	-3.92694e-002	0.	0.	
3.92694e-002	0.999229	0.	0.	
0.	0.	1.	0.	
5.97187e-002	4.44483e-002	0.	1.	
Dynamic:	1	

Frame:	133
0.999238	-3.9034e-002	0.	0.	
3.9034e-002	0.999238	0.	0.	
0.	0.	1.	0.	
5.93554e-002	4.41888e-002	0.	1.	
Dynamic:	1	

Frame:	134
0.999181	-4.04687e-002	0.	0.	
4.04687e-002	0.999181	0.	0.	
0.	0.	1.	0.	
6.15707e-002	4.57694e-002	0.	1.	
Dynamic:	1	

Frame:	135
0.999196	-4.00982e-002	0.	0.	
4.00982e-002	0.999196	0.	0.	
0.	0.	1.	0.	
6.09984e-002	4.53615e-002	0.	1.	
Dynamic:	1	

Frame:	136
0.999175	-4.06199e-002	0.	0.	
4.06199e-002	0.999175	0.	0.	
0.	0.	1.	0.	
6.18042e-002	4.59357e-002	0.	1.	
Dynamic:	1	

Frame:	137
0.999209	-3.97604e-002	0.	0.	
3.97604e-002	0.999209	0.	0.	
0.	0.	1.	0.	
6.04767e-002	4.49894e-002	0.	1.	
Dynamic:	1	

Frame:	138
0.999242	-3.89219e-002	0.	0.	
3.89219e-002	0.999242	0.	0.	
0.	0.	1.	0.	
5.91823e-002	4.40651e-002	0.	1.	
Dynamic:	1	

Frame:	139
0.999228	-3.92903e-002	0.	0.	
3.92903e-002	0.999228	0.	0.	
0.	0.	1.	0.	
5.9751e-002	4.44714e-002	0.	1.	
Dynamic:	1	

Frame:	140
0.999272	-3.81627e-002	0.	0.	
3.81627e-002	0.999272	0.	0.	
0.	0.	1.	0.	
5.80111e-002	4.32273e-002	0.	1.	
Dynamic:	1	

Frame:	141
0.999278	-3.80005e-002	0.	0.	
3.80005e-002	0.999278	0.	0.	
0.	0.	1.	0.	
5.77609e-002	4.30481e-002	0.	1.	
Dynamic:	1	

Frame:	142
0.999187	-4.03211e-002	0.	0.	
4.03211e-002	0.999187	0.	0.	
0.	0.	1.	0.	
6.13426e-002	4.56069e-002	0.	1.	
Dynamic:	1	

Frame:	143
0.999291	-3.76452e-002	0.	0.	
3.76452e-002	0.999291	0.	0.	
0.	0.	1.	0.	
5.72132e-002	4.26558e-002	0.	1.	
Dynamic:	1	

Frame:	144
0.999306	-3.7244e-002	0.	0.	
3.7244e-002	0.999306	0.	0.	
0.	0.	1.	0.	
5.65948e-002	4.22124e-002	0.	1.	
Dynamic:	1	

Frame:	145
0.999304	-3.72998e-002	0.	0.	
3.72998e-002	0.999304	0.	0.	
0.	0.	1.	0.	
5.66806e-002	4.2274e-002	0.	1.	
Dynamic:	1	

Frame:	146
0.999261	-3.84358e-002	0.	0.	
3.84358e-002	0.999261	0.	0.	
0.	0.	1.	0.	
5.84323e-002	4.35287e-002	0.	1.	
Dynamic:	1	

Frame:	147
0.999273	-3.81244e-002	0.	0.	
3.81244e-002	0.999273	0.	0.	
0.	0.	1.	0.	
5.79521e-002	4.3185e-002	0.	1.	
Dynamic:	1	

Frame:	148
0.999317	-3.6964e-002	0.	0.	
3.6964e-002	0.999317	0.	0.	
0.	0.	1.	0.	
5.61633e-002	4.19028e-002	0.	1.	
Dynamic:	1	

Frame:	149
0.999317	-3.69634e-002	0.	0.	
3.69634e-002	0.999317	0.	0.	
0.	0.	1.	0.	
5.61622e-002	4.1902e-002	0.	1.	
Dynamic:	1	

Frame:	150
0.999352	-3.59868e-002	0.	0.	
3.59868e-002	0.999352	0.	0.	
0.	0.	1.	0.	
5.4658e-002	4.08213e-002	0.	1.	
Dynamic:	1	

Frame:	151
0.999322	-3.68171e-002	0.	0.	
3.68171e-002	0.999322	0.	0.	
0.	0.	1.	0.	
5.59368e-002	4.17402e-002	0.	1.	
Dynamic:	1	

Frame:	152
0.999319	-3.68881e-002	0.	0.	
3.68881e-002	0.999319	0.	0.	
0.	0.	1.	0.	
5.60463e-002	4.18188e-002	0.	1.	
Dynamic:	1	

Frame:	153
0.999265	-3.8341e-002	0.	0.	
3.8341e-002	0.999265	0.	0.	
0.	0.	1.	0.	
5.82862e-002	4.34242e-002	0.	1.	
Dynamic:	1	

Frame:	154
0.999288	-3.77302e-002	0.	0.	
3.77302e-002	0.999288	0.	0.	
0.	0.	1.	0.	
5.73442e-002	4.27496e-002	0.	1.	
Dynamic:	1	

Frame:	155
0.999386	-3.5036e-002	0.	0.	
3.5036e-002	0.999386	0.	0.	
0.	0.	1.	0.	
5.31945e-002	3.97678e-002	0.	1.	
Dynamic:	1	

Frame:	156
0.999345	-3.61749e-002	0.	0.	
3.61749e-002	0.999345	0.	0.	
0.	0.	1.	0.	
5.49476e-002	4.10296e-002	0.	1.	
Dynamic:	1	

Frame:	157
0.999359	-3.58099e-002	0.	0.	
3.58099e-002	0.999359	0.	0.	
0.	0.	1.	0.	
5.43856e-002	4.06254e-002	0.	1.	
Dynamic:	1	

Frame:	158
0.999353	-3.5975e-002	0.	0.	
3.5975e-002	0.999353	0.	0.	
0.	0.	1.	0.	
5.46398e-002	4.08082e-002	0.	1.	
Dynamic:	1	

Frame:	159
0.997324	-7.31039e-002	0.	0.	
7.31039e-002	0.997324	0.	0.	
0.	0.	1.	0.	
0.112612	8.08878e-002	0.	1.	
Dynamic:	1	

Frame:	160
0.999381	-3.51725e-002	0.	0.	
3.51725e-002	0.999381	0.	0.	
0.	0.	1.	0.	
5.34046e-002	3.99191e-002	0.	1.	
Dynamic:	1	

Frame:	161
0.999177	-4.05676e-002	0.	0.	
4.05676e-002	0.999177	0.	0.	
0.	0.	1.	0.	
6.17235e-002	4.58782e-002	0.	1.	
Dynamic:	1	

Frame:	162
0.999392	-3.48786e-002	0.	0.	
3.48786e-002	0.999392	0.	0.	
0.	0.	1.	0.	
5.29523e-002	3.95932e-002	0.	1.	
Dynamic:	1	

Frame:	163
0.999394	-3.48033e-002	0.	0.	
3.48033e-002	0.999394	0.	0.	
0.	0.	1.	0.	
5.28366e-002	3.95098e-002	0.	1.	
Dynamic:	1	

Frame:	164
0.999375	-3.53502e-002	0.	0.	
3.53502e-002	0.999375	0.	0.	
0.	0.	1.	0.	
5.36779e-002	4.0116e-002	0.	1.	
Dynamic:	1	

Frame:	165
0.999341	-3.62891e-002	0.	0.	
3.62891e-002	0.999341	0.	0.	
0.	0.	1.	0.	
5.51235e-002	4.1156e-002	0.	1.	
Dynamic:	1	

Frame:	166
0.999325	-3.67237e-002	0.	0.	
3.67237e-002	0.999325	0.	0.	
0.	0.	1.	0.	
5.5793e-002	4.1637e-002	0.	1.	
Dynamic:	1	

Frame:	167
0.99933	-3.65991e-002	0.	0.	
3.65991e-002	0.99933	0.	0.	
0.	0.	1.	0.	
5.56009e-002	4.14991e-002	0.	1.	
Dynamic:	1	

Frame:	168
0.99929	-3.76884e-002	0.	0.	
3.76884e-002	0.99929	0.	0.	
0.	0.	1.	0.	
5.72797e-002	4.27035e-002	0.	1.	
Dynamic:	1	

Frame:	169
0.999326	-3.6698e-002	0.	0.	
3.6698e-002	0.999326	0.	0.	
0.	0.	1.	0.	
5.57533e-002	4.16085e-002	0.	1.	
Dynamic:	1	

Frame:	170
0.999224	-3.93774e-002	0.	0.	
3.93774e-002	0.999224	0.	0.	
0.	0.	1.	0.	
5.98853e-002	4.45673e-002	0.	1.	
Dynamic:	1	

Frame:	171
0.998927	-4.63159e-002	0.	0.	
4.63159e-002	0.998927	0.	0.	
0.	0.	1.	0.	
7.06244e-002	5.21793e-002	0.	1.	
Dynamic:	1	

Frame:	172
0.999351	-3.60126e-002	0.	0.	
3.60126e-002	0.999351	0.	0.	
0.	0.	1.	0.	
5.46977e-002	4.08499e-002	0.	1.	
Dynamic:	1	

Frame:	173
0.999416	-3.4182e-002	0.	0.	
3.4182e-002	0.999416	0.	0.	
0.	0.	1.	0.	
5.18809e-002	3.88203e-002	0.	1.	
Dynamic:	1	

Frame:	174
0.999325	-3.67453e-002	0.	0.	
3.67453e-002	0.999325	0.	0.	
0.	0.	1.	0.	
5.58263e-002	4.16609e-002	0.	1.	
Dynamic:	1	

Frame:	175
0.999128	-4.17592e-002	0.	0.	
4.17592e-002	0.999128	0.	0.	
0.	0.	1.	0.	
6.35654e-002	4.71884e-002	0.	1.	
Dynamic:	1	

Frame:	176
0.999364	-3.56608e-002	0.	0.	
3.56608e-002	0.999364	0.	0.	
0.	0.	1.	0.	
5.41561e-002	4.04603e-002	0.	1.	
Dynamic:	1	

Frame:	177
0.999322	-3.68171e-002	0.	0.	
3.68171e-002	0.999322	0.	0.	
0.	0.	1.	0.	
5.59368e-002	4.17402e-002	0.	1.	
Dynamic:	1	

Frame:	178
0.999106	-4.22641e-002	0.	0.	
4.22641e-002	0.999106	0.	0.	
0.	0.	1.	0.	
6.43463e-002	4.7743e-002	0.	1.	
Dynamic:	1	

Frame:	179
0.999312	-3.70776e-002	0.	0.	
3.70776e-002	0.999312	0.	0.	
0.	0.	1.	0.	
5.63382e-002	4.20283e-002	0.	1.	
Dynamic:	1	

Frame:	180
0.999347	-3.61233e-002	0.	0.	
3.61233e-002	0.999347	0.	0.	
0.	0.	1.	0.	
5.48682e-002	4.09725e-002	0.	1.	
Dynamic:	1	

Frame:	181
0.999403	-3.45421e-002	0.	0.	
3.45421e-002	0.999403	0.	0.	
0.	0.	1.	0.	
5.24348e-002	3.922e-002	0.	1.	
Dynamic:	1	

Frame:	182
0.999381	-3.51885e-002	0.	0.	
3.51885e-002	0.999381	0.	0.	
0.	0.	1.	0.	
5.34292e-002	3.99369e-002	0.	1.	
Dynamic:	1	

Frame:	183
0.999348	-3.61073e-002	0.	0.	
3.61073e-002	0.999348	0.	0.	
0.	0.	1.	0.	
5.48435e-002	4.09548e-002	0.	1.	
Dynamic:	1	

Frame:	184
0.999314	-3.70435e-002	0.	0.	
3.70435e-002	0.999314	0.	0.	
0.	0.	1.	0.	
5.62856e-002	4.19906e-002	0.	1.	
Dynamic:	1	

Frame:	185
0.999275	-3.80631e-002	0.	0.	
3.80631e-002	0.999275	0.	0.	
0.	0.	1.	0.	
5.78575e-002	4.31174e-002	0.	1.	
Dynamic:	1	

Frame:	186
0.999243	-3.88927e-002	0.	0.	
3.88927e-002	0.999243	0.	0.	
0.	0.	1.	0.	
5.91372e-002	4.40328e-002	0.	1.	
Dynamic:	1	

Frame:	187
0.999074	-4.30252e-002	0.	0.	
4.30252e-002	0.999074	0.	0.	
0.	0.	1.	0.	
6.55242e-002	4.85782e-002	0.	1.	
Dynamic:	1	

Frame:	188
0.996698	-8.12039e-002	0.	0.	
8.12039e-002	0.996698	0.	0.	
0.	0.	1.	0.	
0.125473	8.93555e-002	0.	1.	
Dynamic:	1	

Frame:	189
0.999261	-3.84399e-002	0.	0.	
3.84399e-002	0.999261	0.	0.	
0.	0.	1.	0.	
5.84387e-002	4.35333e-002	0.	1.	
Dynamic:	1	

Frame:	190
0.999357	-3.58628e-002	0.	0.	
3.58628e-002	0.999357	0.	0.	
0.	0.	1.	0.	
5.44671e-002	4.0684e-002	0.	1.	
Dynamic:	1	

Frame:	191
0.999189	-4.02744e-002	0.	0.	
4.02744e-002	0.999189	0.	0.	
0.	0.	1.	0.	
6.12706e-002	4.55555e-002	0.	1.	
Dynamic:	1	

Frame:	192
0.999243	-3.88996e-002	0.	0.	
3.88996e-002	0.999243	0.	0.	
0.	0.	1.	0.	
5.91479e-002	4.40405e-002	0.	1.	
Dynamic:	1	

Frame:	193
0.999314	-3.70309e-002	0.	0.	
3.70309e-002	0.999314	0.	0.	
0.	0.	1.	0.	
5.62663e-002	4.19767e-002	0.	1.	
Dynamic:	1	

Frame:	194
0.999184	-4.03796e-002	0.	0.	
4.03796e-002	0.999184	0.	0.	
0.	0.	1.	0.	
6.1433e-002	4.56713e-002	0.	1.	
Dynamic:	1	

Frame:	195
0.999349	-3.60753e-002	0.	0.	
3.60753e-002	0.999349	0.	0.	
0.	0.	1.	0.	
5.47942e-002	4.09193e-002	0.	1.	
Dynamic:	1	

Frame:	196
0.999263	-3.83738e-002	0.	0.	
3.83738e-002	0.999263	0.	0.	
0.	0.	1.	0.	
5.83366e-002	4.34603e-002	0.	1.	
Dynamic:	1	

Frame:	197
0.999195	-4.01101e-002	0.	0.	
4.01101e-002	0.999195	0.	0.	
0.	0.	1.	0.	
6.10167e-002	4.53745e-002	0.	1.	
Dynamic:	1	

Frame:	198
0.999221	-3.9461e-002	0.	0.	
3.9461e-002	0.999221	0.	0.	
0.	0.	1.	0.	
6.00144e-002	4.46594e-002	0.	1.	
Dynamic:	1	

Frame:	199
0.999233	-3.91615e-002	0.	0.	
3.91615e-002	0.999233	0.	0.	
0.	0.	1.	0.	
5.95521e-002	4.43293e-002	0.	1.	
Dynamic:	1	

Frame:	200
0.999298	-3.74565e-002	0.	0.	
3.74565e-002	0.999298	0.	0.	
0.	0.	1.	0.	
5.69222e-002	4.24472e-002	0.	1.	
Dynamic:	1	

Frame:	201
0.999206	-3.98378e-002	0.	0.	
3.98378e-002	0.999206	0.	0.	
0.	0.	1.	0.	
6.05961e-002	4.50746e-002	0.	1.	
Dynamic:	1	

Frame:	202
0.999222	-3.94317e-002	0.	0.	
3.94317e-002	0.999222	0.	0.	
0.	0.	1.	0.	
5.99692e-002	4.46272e-002	0.	1.	
Dynamic:	1	

Frame:	203
0.999263	-3.83842e-002	0.	0.	
3.83842e-002	0.999263	0.	0.	
0.	0.	1.	0.	
5.83528e-002	4.34718e-002	0.	1.	
Dynamic:	1	

Frame:	204
0.999165	-4.08601e-002	0.	0.	
4.08601e-002	0.999165	0.	0.	
0.	0.	1.	0.	
6.21755e-002	4.62e-002	0.	1.	
Dynamic:	1	

Frame:	205
0.999305	-3.72754e-002	0.	0.	
3.72754e-002	0.999305	0.	0.	
0.	0.	1.	0.	
5.66431e-002	4.2247e-002	0.	1.	
Dynamic:	1	

Frame:	206
0.999309	-3.71702e-002	0.	0.	
3.71702e-002	0.999309	0.	0.	
0.	0.	1.	0.	
5.6481e-002	4.21308e-002	0.	1.	
Dynamic:	1	

Frame:	207
0.999271	-3.81683e-002	0.	0.	
3.81683e-002	0.999271	0.	0.	
0.	0.	1.	0.	
5.80197e-002	4.32335e-002	0.	1.	
Dynamic:	1	

Frame:	208
0.999234	-3.91239e-002	0.	0.	
3.91239e-002	0.999234	0.	0.	
0.	0.	1.	0.	
5.9494e-002	4.42878e-002	0.	1.	
Dynamic:	1	

Frame:	209
0.999266	-3.8302e-002	0.	0.	
3.8302e-002	0.999266	0.	0.	
0.	0.	1.	0.	
5.8226e-002	4.33811e-002	0.	1.	
Dynamic:	1	

Frame:	210
0.999262	-3.84051e-002	0.	0.	
3.84051e-002	0.999262	0.	0.	
0.	0.	1.	0.	
5.8385e-002	4.34949e-002	0.	1.	
Dynamic:	1	

Frame:	211
0.999258	-3.85235e-002	0.	0.	
3.85235e-002	0.999258	0.	0.	
0.	0.	1.	0.	
5.85676e-002	4.36256e-002	0.	1.	
Dynamic:	1	

Frame:	212
0.999269	-3.82212e-002	0.	0.	
3.82212e-002	0.999269	0.	0.	
0.	0.	1.	0.	
5.81014e-002	4.32919e-002	0.	1.	
Dynamic:	1	

Frame:	213
0.999249	-3.87561e-002	0.	0.	
3.87561e-002	0.999249	0.	0.	
0.	0.	1.	0.	
5.89265e-002	4.38822e-002	0.	1.	
Dynamic:	1	

Frame:	214
0.999274	-3.80854e-002	0.	0.	
3.80854e-002	0.999274	0.	0.	
0.	0.	1.	0.	
5.78919e-002	4.3142e-002	0.	1.	
Dynamic:	1	

Frame:	215
0.999292	-3.76104e-002	0.	0.	
3.76104e-002	0.999292	0.	0.	
0.	0.	1.	0.	
5.71595e-002	4.26173e-002	0.	1.	
Dynamic:	1	

Frame:	216
0.999245	-3.88516e-002	0.	0.	
3.88516e-002	0.999245	0.	0.	
0.	0.	1.	0.	
5.90738e-002	4.39875e-002	0.	1.	
Dynamic:	1	

Frame:	217
0.999266	-3.83125e-002	0.	0.	
3.83125e-002	0.999266	0.	0.	
0.	0.	1.	0.	
5.82421e-002	4.33927e-002	0.	1.	
Dynamic:	1	

Frame:	218
0.999123	-4.18671e-002	0.	0.	
4.18671e-002	0.999123	0.	0.	
0.	0.	1.	0.	
6.37323e-002	4.7307e-002	0.	1.	
Dynamic:	1	

Frame:	219
0.999227	-3.93064e-002	0.	0.	
3.93064e-002	0.999227	0.	0.	
0.	0.	1.	0.	
5.97757e-002	4.4489e-002	0.	1.	
Dynamic:	1	

Frame:	220
0.999137	-4.15426e-002	0.	0.	
4.15426e-002	0.999137	0.	0.	
0.	0.	1.	0.	
6.32305e-002	4.69505e-002	0.	1.	
Dynamic:	1	

Frame:	221
0.999281	-3.79092e-002	0.	0.	
3.79092e-002	0.999281	0.	0.	
0.	0.	1.	0.	
5.76202e-002	4.29474e-002	0.	1.	
Dynamic:	1	

Frame:	222
0.999251	-3.86893e-002	0.	0.	
3.86893e-002	0.999251	0.	0.	
0.	0.	1.	0.	
5.88234e-002	4.38085e-002	0.	1.	
Dynamic:	1	

Frame:	223
0.999239	-3.89971e-002	0.	0.	
3.89971e-002	0.999239	0.	0.	
0.	0.	1.	0.	
5.92984e-002	4.41481e-002	0.	1.	
Dynamic:	1	

Frame:	224
0.999228	-3.92973e-002	0.	0.	
3.92973e-002	0.999228	0.	0.	
0.	0.	1.	0.	
5.97617e-002	4.4479e-002	0.	1.	
Dynamic:	1	

Frame:	225
0.999228	-3.92938e-002	0.	0.	
3.92938e-002	0.999228	0.	0.	
0.	0.	1.	0.	
5.97563e-002	4.44752e-002	0.	1.	
Dynamic:	1	

Frame:	226
0.999209	-3.97765e-002	0.	0.	
3.97765e-002	0.999209	0.	0.	
0.	0.	1.	0.	
6.05015e-002	4.50071e-002	0.	1.	
Dynamic:	1	

Frame:	227
0.999203	-3.99241e-002	0.	0.	
3.99241e-002	0.999203	0.	0.	
0.	0.	1.	0.	
6.07295e-002	4.51697e-002	0.	1.	
Dynamic:	1	

Frame:	228
0.999128	-4.17466e-002	0.	0.	
4.17466e-002	0.999128	0.	0.	
0.	0.	1.	0.	
6.3546e-002	4.71747e-002	0.	1.	
Dynamic:	1	

Frame:	229
0.99913	-4.17139e-002	0.	0.	
4.17139e-002	0.99913	0.	0.	
0.	0.	1.	0.	
6.34954e-002	4.71387e-002	0.	1.	
Dynamic:	1	

Frame:	230
0.999181	-4.0459e-002	0.	0.	
4.0459e-002	0.999181	0.	0.	
0.	0.	1.	0.	
6.15557e-002	4.57586e-002	0.	1.	
Dynamic:	1	

Frame:	231
0.999113	-4.21116e-002	0.	0.	
4.21116e-002	0.999113	0.	0.	
0.	0.	1.	0.	
6.41104e-002	4.75755e-002	0.	1.	
Dynamic:	1	

Frame:	232
0.999038	-4.38483e-002	0.	0.	
4.38483e-002	0.999038	0.	0.	
0.	0.	1.	0.	
6.67987e-002	4.94804e-002	0.	1.	
Dynamic:	1	

Frame:	233
0.998972	-4.53412e-002	0.	0.	
4.53412e-002	0.998972	0.	0.	
0.	0.	1.	0.	
6.91123e-002	5.11143e-002	0.	1.	
Dynamic:	1	

Frame:	234
0.999056	-4.34353e-002	0.	0.	
4.34353e-002	0.999056	0.	0.	
0.	0.	1.	0.	
6.61592e-002	4.90279e-002	0.	1.	
Dynamic:	1	

Frame:	235
0.999071	-4.3083e-002	0.	0.	
4.3083e-002	0.999071	0.	0.	
0.	0.	1.	0.	
6.56136e-002	4.86416e-002	0.	1.	
Dynamic:	1	

Frame:	236
0.999003	-4.46386e-002	0.	0.	
4.46386e-002	0.999003	0.	0.	
0.	0.	1.	0.	
6.80231e-002	5.03458e-002	0.	1.	
Dynamic:	1	

Frame:	237
0.999184	-4.03942e-002	0.	0.	
4.03942e-002	0.999184	0.	0.	
0.	0.	1.	0.	
6.14556e-002	4.56874e-002	0.	1.	
Dynamic:	1	

Frame:	238
0.999156	-4.10725e-002	0.	0.	
4.10725e-002	0.999156	0.	0.	
0.	0.	1.	0.	
6.25038e-002	4.64337e-002	0.	1.	
Dynamic:	1	

Frame:	239
0.999153	-4.11429e-002	0.	0.	
4.11429e-002	0.999153	0.	0.	
0.	0.	1.	0.	
6.26125e-002	4.6511e-002	0.	1.	
Dynamic:	1	

Frame:	240
0.999156	-4.1069e-002	0.	0.	
4.1069e-002	0.999156	0.	0.	
0.	0.	1.	0.	
6.24984e-002	4.64298e-002	0.	1.	
Dynamic:	1	

Frame:	241
0.999097	-4.24855e-002	0.	0.	
4.24855e-002	0.999097	0.	0.	
0.	0.	1.	0.	
6.4689e-002	4.79861e-002	0.	1.	
Dynamic:	1	

Frame:	242
0.998931	-4.62352e-002	0.	0.	
4.62352e-002	0.998931	0.	0.	
0.	0.	1.	0.	
7.0499e-002	5.20911e-002	0.	1.	
Dynamic:	1	

Frame:	243
0.999136	-4.15684e-002	0.	0.	
4.15684e-002	0.999136	0.	0.	
0.	0.	1.	0.	
6.32703e-002	4.69788e-002	0.	1.	
Dynamic:	1	

Frame:	244
0.99913	-4.17049e-002	0.	0.	
4.17049e-002	0.99913	0.	0.	
0.	0.	1.	0.	
6.34814e-002	4.71288e-002	0.	1.	
Dynamic:	1	

Frame:	245
0.998914	-4.66014e-002	0.	0.	
4.66014e-002	0.998914	0.	0.	
0.	0.	1.	0.	
7.10674e-002	5.2491e-002	0.	1.	
Dynamic:	1	

Frame:	246
0.999026	-4.41247e-002	0.	0.	
4.41247e-002	0.999026	0.	0.	
0.	0.	1.	0.	
6.72269e-002	4.97832e-002	0.	1.	
Dynamic:	1	

Frame:	247
0.999084	-4.27975e-002	0.	0.	
4.27975e-002	0.999084	0.	0.	
0.	0.	1.	0.	
6.51717e-002	4.83284e-002	0.	1.	
Dynamic:	1	

Frame:	248
0.999146	-4.13225e-002	0.	0.	
4.13225e-002	0.999146	0.	0.	
0.	0.	1.	0.	
6.28903e-002	4.67086e-002	0.	1.	
Dynamic:	1	

Frame:	249
0.998811	-4.87478e-002	0.	0.	
4.87478e-002	0.998811	0.	0.	
0.	0.	1.	0.	
7.44015e-002	5.48301e-002	0.	1.	
Dynamic:	1	

Frame:	250
0.999037	-4.38657e-002	0.	0.	
4.38657e-002	0.999037	0.	0.	
0.	0.	1.	0.	
6.68256e-002	4.94995e-002	0.	1.	
Dynamic:	1	

Frame:	251
0.999232	-3.91935e-002	0.	0.	
3.91935e-002	0.999232	0.	0.	
0.	0.	1.	0.	
5.96015e-002	4.43646e-002	0.	1.	
Dynamic:	1	

Frame:	252
0.999184	-4.03914e-002	0.	0.	
4.03914e-002	0.999184	0.	0.	
0.	0.	1.	0.	
6.14513e-002	4.56843e-002	0.	1.	
Dynamic:	1	

Frame:	253
0.999091	-4.26338e-002	0.	0.	
4.26338e-002	0.999091	0.	0.	
0.	0.	1.	0.	
6.49185e-002	4.81489e-002	0.	1.	
Dynamic:	1	

Frame:	254
0.999184	-4.04012e-002	0.	0.	
4.04012e-002	0.999184	0.	0.	
0.	0.	1.	0.	
6.14664e-002	4.5695e-002	0.	1.	
Dynamic:	1	

Frame:	255
0.999161	-4.09583e-002	0.	0.	
4.09583e-002	0.999161	0.	0.	
0.	0.	1.	0.	
6.23273e-002	4.63081e-002	0.	1.	
Dynamic:	1	

Frame:	256
0.999202	-3.9952e-002	0.	0.	
3.9952e-002	0.999202	0.	0.	
0.	0.	1.	0.	
6.07725e-002	4.52004e-002	0.	1.	
Dynamic:	1	

Frame:	257
0.999213	-3.96546e-002	0.	0.	
3.96546e-002	0.999213	0.	0.	
0.	0.	1.	0.	
6.03133e-002	4.48728e-002	0.	1.	
Dynamic:	1	

Frame:	258
0.999186	-4.03364e-002	0.	0.	
4.03364e-002	0.999186	0.	0.	
0.	0.	1.	0.	
6.13663e-002	4.56237e-002	0.	1.	
Dynamic:	1	

Frame:	259
0.999184	-4.03824e-002	0.	0.	
4.03824e-002	0.999184	0.	0.	
0.	0.	1.	0.	
6.14373e-002	4.56743e-002	0.	1.	
Dynamic:	1	

Frame:	260
0.99923	-3.92472e-002	0.	0.	
3.92472e-002	0.99923	0.	0.	
0.	0.	1.	0.	
5.96843e-002	4.44238e-002	0.	1.	
Dynamic:	1	

Frame:	261
0.999247	-3.88063e-002	0.	0.	
3.88063e-002	0.999247	0.	0.	
0.	0.	1.	0.	
5.90039e-002	4.39376e-002	0.	1.	
Dynamic:	1	

Frame:	262
0.999233	-3.91538e-002	0.	0.	
3.91538e-002	0.999233	0.	0.	
0.	0.	1.	0.	
5.95403e-002	4.43209e-002	0.	1.	
Dynamic:	1	

Frame:	263
0.999284	-3.78479e-002	0.	0.	
3.78479e-002	0.999284	0.	0.	
0.	0.	1.	0.	
5.75257e-002	4.28797e-002	0.	1.	
Dynamic:	1	

Frame:	264
0.99925	-3.87269e-002	0.	0.	
3.87269e-002	0.99925	0.	0.	
0.	0.	1.	0.	
5.88814e-002	4.385e-002	0.	1.	
Dynamic:	1	

Frame:	265
0.99927	-3.82157e-002	0.	0.	
3.82157e-002	0.99927	0.	0.	
0.	0.	1.	0.	
5.80928e-002	4.32858e-002	0.	1.	
Dynamic:	1	

Frame:	266
0.999214	-3.96344e-002	0.	0.	
3.96344e-002	0.999214	0.	0.	
0.	0.	1.	0.	
6.02821e-002	4.48506e-002	0.	1.	
Dynamic:	1	

Frame:	267
0.999182	-4.04353e-002	0.	0.	
4.04353e-002	0.999182	0.	0.	
0.	0.	1.	0.	
6.15191e-002	4.57326e-002	0.	1.	
Dynamic:	1	

Frame:	268
0.999213	-3.96685e-002	0.	0.	
3.96685e-002	0.999213	0.	0.	
0.	0.	1.	0.	
6.03348e-002	4.48882e-002	0.	1.	
Dynamic:	1	

Frame:	269
0.999145	-4.13393e-002	0.	0.	
4.13393e-002	0.999145	0.	0.	
0.	0.	1.	0.	
6.29161e-002	4.67269e-002	0.	1.	
Dynamic:	1	

Frame:	270
0.999198	-4.00321e-002	0.	0.	
4.00321e-002	0.999198	0.	0.	
0.	0.	1.	0.	
6.08962e-002	4.52886e-002	0.	1.	
Dynamic:	1	

Frame:	271
0.999175	-4.06059e-002	0.	0.	
4.06059e-002	0.999175	0.	0.	
0.	0.	1.	0.	
6.17827e-002	4.59204e-002	0.	1.	
Dynamic:	1	

Frame:	272
0.999202	-3.9952e-002	0.	0.	
3.9952e-002	0.999202	0.	0.	
0.	0.	1.	0.	
6.07725e-002	4.52004e-002	0.	1.	
Dynamic:	1	

Frame:	273
0.999229	-3.92681e-002	0.	0.	
3.92681e-002	0.999229	0.	0.	
0.	0.	1.	0.	
5.97166e-002	4.44468e-002	0.	1.	
Dynamic:	1	

Frame:	274
0.999159	-4.10071e-002	0.	0.	
4.10071e-002	0.999159	0.	0.	
0.	0.	1.	0.	
6.24026e-002	4.63617e-002	0.	1.	
Dynamic:	1	

Frame:	275
0.999146	-4.13281e-002	0.	0.	
4.13281e-002	0.999146	0.	0.	
0.	0.	1.	0.	
6.28989e-002	4.67147e-002	0.	1.	
Dynamic:	1	

Frame:	276
0.999248	-3.87805e-002	0.	0.	
3.87805e-002	0.999248	0.	0.	
0.	0.	1.	0.	
5.89642e-002	4.39091e-002	0.	1.	
Dynamic:	1	

Frame:	277
0.999254	-3.86245e-002	0.	0.	
3.86245e-002	0.999254	0.	0.	
0.	0.	1.	0.	
5.87234e-002	4.3737e-002	0.	1.	
Dynamic:	1	

Frame:	278
0.99917	-4.07306e-002	0.	0.	
4.07306e-002	0.99917	0.	0.	
0.	0.	1.	0.	
6.19753e-002	4.60575e-002	0.	1.	
Dynamic:	1	

Frame:	279
0.999213	-3.96748e-002	0.	0.	
3.96748e-002	0.999213	0.	0.	
0.	0.	1.	0.	
6.03445e-002	4.48951e-002	0.	1.	
Dynamic:	1	

Frame:	280
0.999167	-4.07981e-002	0.	0.	
4.07981e-002	0.999167	0.	0.	
0.	0.	1.	0.	
6.20797e-002	4.61319e-002	0.	1.	
Dynamic:	1	

Frame:	281
0.999204	-3.98963e-002	0.	0.	
3.98963e-002	0.999204	0.	0.	
0.	0.	1.	0.	
6.06865e-002	4.5139e-002	0.	1.	
Dynamic:	1	

Frame:	282
0.999187	-4.03141e-002	0.	0.	
4.03141e-002	0.999187	0.	0.	
0.	0.	1.	0.	
6.13319e-002	4.55992e-002	0.	1.	
Dynamic:	1	

Frame:	283
0.999217	-3.95634e-002	0.	0.	
3.95634e-002	0.999217	0.	0.	
0.	0.	1.	0.	
6.01724e-002	4.47723e-002	0.	1.	
Dynamic:	1	

Frame:	284
0.999196	-4.01031e-002	0.	0.	
4.01031e-002	0.999196	0.	0.	
0.	0.	1.	0.	
6.10059e-002	4.53669e-002	0.	1.	
Dynamic:	1	

Frame:	285
0.999183	-4.04026e-002	0.	0.	
4.04026e-002	0.999183	0.	0.	
0.	0.	1.	0.	
6.14685e-002	4.56966e-002	0.	1.	
Dynamic:	1	

Frame:	286
0.999163	-4.09033e-002	0.	0.	
4.09033e-002	0.999163	0.	0.	
0.	0.	1.	0.	
6.22422e-002	4.62475e-002	0.	1.	
Dynamic:	1	

Frame:	287
0.999177	-4.05607e-002	0.	0.	
4.05607e-002	0.999177	0.	0.	
0.	0.	1.	0.	
6.17128e-002	4.58706e-002	0.	1.	
Dynamic:	1	

Frame:	288
0.999231	-3.92186e-002	0.	0.	
3.92186e-002	0.999231	0.	0.	
0.	0.	1.	0.	
5.96402e-002	4.43923e-002	0.	1.	
Dynamic:	1	

Frame:	289
0.999203	-3.99144e-002	0.	0.	
3.99144e-002	0.999203	0.	0.	
0.	0.	1.	0.	
6.07144e-002	4.5159e-002	0.	1.	
Dynamic:	1	

Frame:	290
0.999184	-4.03845e-002	0.	0.	
4.03845e-002	0.999184	0.	0.	
0.	0.	1.	0.	
6.14405e-002	4.56766e-002	0.	1.	
Dynamic:	1	

Frame:	291
0.999263	-3.83787e-002	0.	0.	
3.83787e-002	0.999263	0.	0.	
0.	0.	1.	0.	
5.83442e-002	4.34657e-002	0.	1.	
Dynamic:	1	

Frame:	292
0.999055	-4.34562e-002	0.	0.	
4.34562e-002	0.999055	0.	0.	
0.	0.	1.	0.	
6.61915e-002	4.90508e-002	0.	1.	
Dynamic:	1	

Frame:	293
0.999136	-4.15496e-002	0.	0.	
4.15496e-002	0.999136	0.	0.	
0.	0.	1.	0.	
6.32413e-002	4.69581e-002	0.	1.	
Dynamic:	1	

Frame:	294
0.999161	-4.095e-002	0.	0.	
4.095e-002	0.999161	0.	0.	
0.	0.	1.	0.	
6.23143e-002	4.62989e-002	0.	1.	
Dynamic:	1	

Frame:	295
0.999224	-3.93774e-002	0.	0.	
3.93774e-002	0.999224	0.	0.	
0.	0.	1.	0.	
5.98853e-002	4.45673e-002	0.	1.	
Dynamic:	1	

Frame:	296
0.999171	-4.07104e-002	0.	0.	
4.07104e-002	0.999171	0.	0.	
0.	0.	1.	0.	
6.19441e-002	4.60353e-002	0.	1.	
Dynamic:	1	

Frame:	297
0.999201	-3.99701e-002	0.	0.	
3.99701e-002	0.999201	0.	0.	
0.	0.	1.	0.	
6.08005e-002	4.52204e-002	0.	1.	
Dynamic:	1	

Frame:	298
0.999205	-3.98593e-002	0.	0.	
3.98593e-002	0.999205	0.	0.	
0.	0.	1.	0.	
