TrialReplay

Frame:	2
1.	0.	0.	0.	
0.	1.	0.	0.	
0.	0.	1.	0.	
0.	0.	0.	1.	
Dynamic:	1	

Frame:	3
1.	0.	0.	0.	
0.	1.	0.	0.	
0.	0.	1.	0.	
0.	0.	0.	1.	
Dynamic:	1	

Frame:	4
1.	0.	0.	0.	
0.	1.	0.	0.	
0.	0.	1.	0.	
0.	0.	0.	1.	
Dynamic:	1	

Frame:	5
1.	0.	0.	0.	
0.	1.	0.	0.	
0.	0.	1.	0.	
0.	0.	0.	1.	
Dynamic:	1	

Frame:	6
1.	0.	0.	0.	
0.	1.	0.	0.	
0.	0.	1.	0.	
0.	0.	0.	1.	
Dynamic:	1	

Frame:	7
1.	0.	0.	0.	
0.	1.	0.	0.	
0.	0.	1.	0.	
0.	0.	0.	1.	
Dynamic:	1	

Frame:	8
1.	0.	0.	0.	
0.	1.	0.	0.	
0.	0.	1.	0.	
0.	0.	0.	1.	
Dynamic:	1	

Frame:	9
1.	0.	0.	0.	
0.	1.	0.	0.	
0.	0.	1.	0.	
0.	0.	0.	1.	
Dynamic:	1	

Frame:	10
1.	0.	0.	0.	
0.	1.	0.	0.	
0.	0.	1.	0.	
0.	0.	0.	1.	
Dynamic:	1	

Frame:	11
1.	0.	0.	0.	
0.	1.	0.	0.	
0.	0.	1.	0.	
0.	0.	0.	1.	
Dynamic:	1	

Frame:	12
1.	0.	0.	0.	
0.	1.	0.	0.	
0.	0.	1.	0.	
0.	0.	0.	1.	
Dynamic:	1	

Frame:	13
1.	0.	0.	0.	
0.	1.	0.	0.	
0.	0.	1.	0.	
0.	0.	0.	1.	
Dynamic:	1	

Frame:	14
1.	0.	0.	0.	
0.	1.	0.	0.	
0.	0.	1.	0.	
0.	0.	0.	1.	
Dynamic:	1	

Frame:	15
1.	0.	0.	0.	
0.	1.	0.	0.	
0.	0.	1.	0.	
0.	0.	0.	1.	
Dynamic:	1	

Frame:	16
1.	0.	0.	0.	
0.	1.	0.	0.	
0.	0.	1.	0.	
0.	0.	0.	1.	
Dynamic:	1	

Frame:	17
1.	0.	0.	0.	
0.	1.	0.	0.	
0.	0.	1.	0.	
0.	0.	0.	1.	
Dynamic:	1	

Frame:	18
1.	0.	0.	0.	
0.	1.	0.	0.	
0.	0.	1.	0.	
0.	0.	0.	1.	
Dynamic:	1	

Frame:	19
1.	0.	0.	0.	
0.	1.	0.	0.	
0.	0.	1.	0.	
0.	0.	0.	1.	
Dynamic:	1	

Frame:	20
1.	0.	0.	0.	
0.	1.	0.	0.	
0.	0.	1.	0.	
0.	0.	0.	1.	
Dynamic:	1	

Frame:	21
1.	0.	0.	0.	
0.	1.	0.	0.	
0.	0.	1.	0.	
0.	0.	0.	1.	
Dynamic:	1	

Frame:	22
1.	0.	0.	0.	
0.	1.	0.	0.	
0.	0.	1.	0.	
0.	0.	0.	1.	
Dynamic:	1	

Frame:	23
1.	0.	0.	0.	
0.	1.	0.	0.	
0.	0.	1.	0.	
0.	0.	0.	1.	
Dynamic:	1	

Frame:	24
1.	0.	0.	0.	
0.	1.	0.	0.	
0.	0.	1.	0.	
0.	0.	0.	1.	
Dynamic:	1	

Frame:	25
1.	0.	0.	0.	
0.	1.	0.	0.	
0.	0.	1.	0.	
0.	0.	0.	1.	
Dynamic:	1	

Frame:	26
1.	0.	0.	0.	
0.	1.	0.	0.	
0.	0.	1.	0.	
0.	0.	0.	1.	
Dynamic:	1	

Frame:	27
1.	0.	0.	0.	
0.	1.	0.	0.	
0.	0.	1.	0.	
0.	0.	0.	1.	
Dynamic:	1	

Frame:	28
1.	0.	0.	0.	
0.	1.	0.	0.	
0.	0.	1.	0.	
0.	0.	0.	1.	
Dynamic:	1	

Frame:	29
1.	0.	0.	0.	
0.	1.	0.	0.	
0.	0.	1.	0.	
0.	0.	0.	1.	
Dynamic:	1	

Frame:	30
1.	0.	0.	0.	
0.	1.	0.	0.	
0.	0.	1.	0.	
0.	0.	0.	1.	
Dynamic:	1	

Frame:	31
1.	0.	0.	0.	
0.	1.	0.	0.	
0.	0.	1.	0.	
0.	0.	0.	1.	
Dynamic:	1	

Frame:	32
1.	0.	0.	0.	
0.	1.	0.	0.	
0.	0.	1.	0.	
0.	0.	0.	1.	
Dynamic:	1	

Frame:	33
1.	0.	0.	0.	
0.	1.	0.	0.	
0.	0.	1.	0.	
0.	0.	0.	1.	
Dynamic:	1	

Frame:	34
1.	0.	0.	0.	
0.	1.	0.	0.	
0.	0.	1.	0.	
0.	0.	0.	1.	
Dynamic:	1	

Frame:	35
1.	0.	0.	0.	
0.	1.	0.	0.	
0.	0.	1.	0.	
0.	0.	0.	1.	
Dynamic:	1	

Frame:	36
1.	0.	0.	0.	
0.	1.	0.	0.	
0.	0.	1.	0.	
0.	0.	0.	1.	
Dynamic:	1	

Frame:	37
1.	0.	0.	0.	
0.	1.	0.	0.	
0.	0.	1.	0.	
0.	0.	0.	1.	
Dynamic:	1	

Frame:	38
1.	0.	0.	0.	
0.	1.	0.	0.	
0.	0.	1.	0.	
0.	0.	0.	1.	
Dynamic:	1	

Frame:	39
1.	0.	0.	0.	
0.	1.	0.	0.	
0.	0.	1.	0.	
0.	0.	0.	1.	
Dynamic:	1	

Frame:	40
1.	0.	0.	0.	
0.	1.	0.	0.	
0.	0.	1.	0.	
0.	0.	0.	1.	
Dynamic:	1	

Frame:	41
1.	0.	0.	0.	
0.	1.	0.	0.	
0.	0.	1.	0.	
0.	0.	0.	1.	
Dynamic:	1	

Frame:	42
1.	0.	0.	0.	
0.	1.	0.	0.	
0.	0.	1.	0.	
0.	0.	0.	1.	
Dynamic:	1	

Frame:	43
1.	0.	0.	0.	
0.	1.	0.	0.	
0.	0.	1.	0.	
0.	0.	0.	1.	
Dynamic:	1	

Frame:	44
1.	0.	0.	0.	
0.	1.	0.	0.	
0.	0.	1.	0.	
0.	0.	0.	1.	
Dynamic:	1	

Frame:	45
1.	0.	0.	0.	
0.	1.	0.	0.	
0.	0.	1.	0.	
0.	0.	0.	1.	
Dynamic:	1	

Frame:	46
1.	0.	0.	0.	
0.	1.	0.	0.	
0.	0.	1.	0.	
0.	0.	0.	1.	
Dynamic:	1	

Frame:	47
1.	0.	0.	0.	
0.	1.	0.	0.	
0.	0.	1.	0.	
0.	0.	0.	1.	
Dynamic:	1	

Frame:	48
1.	0.	0.	0.	
0.	1.	0.	0.	
0.	0.	1.	0.	
0.	0.	0.	1.	
Dynamic:	1	

Frame:	49
1.	0.	0.	0.	
0.	1.	0.	0.	
0.	0.	1.	0.	
0.	0.	0.	1.	
Dynamic:	1	

Frame:	50
1.	0.	0.	0.	
0.	1.	0.	0.	
0.	0.	1.	0.	
0.	0.	0.	1.	
Dynamic:	1	

Frame:	51
1.	0.	0.	0.	
0.	1.	0.	0.	
0.	0.	1.	0.	
0.	0.	0.	1.	
Dynamic:	1	

Frame:	52
1.	0.	0.	0.	
0.	1.	0.	0.	
0.	0.	1.	0.	
0.	0.	0.	1.	
Dynamic:	1	

Frame:	53
1.	0.	0.	0.	
0.	1.	0.	0.	
0.	0.	1.	0.	
0.	0.	0.	1.	
Dynamic:	1	

Frame:	54
1.	0.	0.	0.	
0.	1.	0.	0.	
0.	0.	1.	0.	
0.	0.	0.	1.	
Dynamic:	1	

Frame:	55
1.	0.	0.	0.	
0.	1.	0.	0.	
0.	0.	1.	0.	
0.	0.	0.	1.	
Dynamic:	1	

Frame:	56
1.	0.	0.	0.	
0.	1.	0.	0.	
0.	0.	1.	0.	
0.	0.	0.	1.	
Dynamic:	1	

Frame:	57
1.	0.	0.	0.	
0.	1.	0.	0.	
0.	0.	1.	0.	
0.	0.	0.	1.	
Dynamic:	1	

Frame:	58
1.	0.	0.	0.	
0.	1.	0.	0.	
0.	0.	1.	0.	
0.	0.	0.	1.	
Dynamic:	1	

Frame:	59
1.	0.	0.	0.	
0.	1.	0.	0.	
0.	0.	1.	0.	
0.	0.	0.	1.	
Dynamic:	1	

Frame:	60
1.	0.	0.	0.	
0.	1.	0.	0.	
0.	0.	1.	0.	
0.	0.	0.	1.	
Dynamic:	1	

Frame:	61
1.	0.	0.	0.	
0.	1.	0.	0.	
0.	0.	1.	0.	
0.	0.	0.	1.	
Dynamic:	1	

Frame:	62
1.	0.	0.	0.	
0.	1.	0.	0.	
0.	0.	1.	0.	
0.	0.	0.	1.	
Dynamic:	1	

Frame:	63
1.	0.	0.	0.	
0.	1.	0.	0.	
0.	0.	1.	0.	
0.	0.	0.	1.	
Dynamic:	1	

Frame:	64
1.	0.	0.	0.	
0.	1.	0.	0.	
0.	0.	1.	0.	
0.	0.	0.	1.	
Dynamic:	1	

Frame:	65
1.	0.	0.	0.	
0.	1.	0.	0.	
0.	0.	1.	0.	
0.	0.	0.	1.	
Dynamic:	1	

Frame:	66
1.	0.	0.	0.	
0.	1.	0.	0.	
0.	0.	1.	0.	
0.	0.	0.	1.	
Dynamic:	1	

Frame:	67
1.	0.	0.	0.	
0.	1.	0.	0.	
0.	0.	1.	0.	
0.	0.	0.	1.	
Dynamic:	1	

Frame:	68
1.	0.	0.	0.	
0.	1.	0.	0.	
0.	0.	1.	0.	
0.	0.	0.	1.	
Dynamic:	1	

Frame:	69
1.	0.	0.	0.	
0.	1.	0.	0.	
0.	0.	1.	0.	
0.	0.	0.	1.	
Dynamic:	1	

Frame:	70
1.	0.	0.	0.	
0.	1.	0.	0.	
0.	0.	1.	0.	
0.	0.	0.	1.	
Dynamic:	1	

Frame:	71
1.	0.	0.	0.	
0.	1.	0.	0.	
0.	0.	1.	0.	
0.	0.	0.	1.	
Dynamic:	1	

Frame:	72
1.	0.	0.	0.	
0.	1.	0.	0.	
0.	0.	1.	0.	
0.	0.	0.	1.	
Dynamic:	1	

Frame:	73
1.	0.	0.	0.	
0.	1.	0.	0.	
0.	0.	1.	0.	
0.	0.	0.	1.	
Dynamic:	1	

Frame:	74
1.	0.	0.	0.	
0.	1.	0.	0.	
0.	0.	1.	0.	
0.	0.	0.	1.	
Dynamic:	1	

Frame:	75
1.	0.	0.	0.	
0.	1.	0.	0.	
0.	0.	1.	0.	
0.	0.	0.	1.	
Dynamic:	1	

Frame:	76
1.	0.	0.	0.	
0.	1.	0.	0.	
0.	0.	1.	0.	
0.	0.	0.	1.	
Dynamic:	1	

Frame:	77
1.	0.	0.	0.	
0.	1.	0.	0.	
0.	0.	1.	0.	
0.	0.	0.	1.	
Dynamic:	1	

Frame:	78
1.	0.	0.	0.	
0.	1.	0.	0.	
0.	0.	1.	0.	
0.	0.	0.	1.	
Dynamic:	1	

Frame:	79
1.	0.	0.	0.	
0.	1.	0.	0.	
0.	0.	1.	0.	
0.	0.	0.	1.	
Dynamic:	1	

Frame:	80
1.	0.	0.	0.	
0.	1.	0.	0.	
0.	0.	1.	0.	
0.	0.	0.	1.	
Dynamic:	1	

Frame:	81
1.	0.	0.	0.	
0.	1.	0.	0.	
0.	0.	1.	0.	
0.	0.	0.	1.	
Dynamic:	1	

Frame:	82
1.	0.	0.	0.	
0.	1.	0.	0.	
0.	0.	1.	0.	
0.	0.	0.	1.	
Dynamic:	1	

Frame:	83
1.	0.	0.	0.	
0.	1.	0.	0.	
0.	0.	1.	0.	
0.	0.	0.	1.	
Dynamic:	1	

Frame:	84
1.	0.	0.	0.	
0.	1.	0.	0.	
0.	0.	1.	0.	
0.	0.	0.	1.	
Dynamic:	1	

Frame:	85
1.	0.	0.	0.	
0.	1.	0.	0.	
0.	0.	1.	0.	
0.	0.	0.	1.	
Dynamic:	1	

Frame:	86
1.	0.	0.	0.	
0.	1.	0.	0.	
0.	0.	1.	0.	
0.	0.	0.	1.	
Dynamic:	1	

Frame:	87
1.	0.	0.	0.	
0.	1.	0.	0.	
0.	0.	1.	0.	
0.	0.	0.	1.	
Dynamic:	1	

Frame:	88
1.	0.	0.	0.	
0.	1.	0.	0.	
0.	0.	1.	0.	
0.	0.	0.	1.	
Dynamic:	1	

Frame:	89
1.	0.	0.	0.	
0.	1.	0.	0.	
0.	0.	1.	0.	
0.	0.	0.	1.	
Dynamic:	1	

Frame:	90
1.	0.	0.	0.	
0.	1.	0.	0.	
0.	0.	1.	0.	
0.	0.	0.	1.	
Dynamic:	1	

Frame:	91
1.	0.	0.	0.	
0.	1.	0.	0.	
0.	0.	1.	0.	
0.	0.	0.	1.	
Dynamic:	1	

Frame:	92
1.	0.	0.	0.	
0.	1.	0.	0.	
0.	0.	1.	0.	
0.	0.	0.	1.	
Dynamic:	1	

Frame:	93
1.	0.	0.	0.	
0.	1.	0.	0.	
0.	0.	1.	0.	
0.	0.	0.	1.	
Dynamic:	1	

Frame:	94
1.	0.	0.	0.	
0.	1.	0.	0.	
0.	0.	1.	0.	
0.	0.	0.	1.	
Dynamic:	1	

Frame:	95
1.	0.	0.	0.	
0.	1.	0.	0.	
0.	0.	1.	0.	
0.	0.	0.	1.	
Dynamic:	1	

Frame:	96
1.	0.	0.	0.	
0.	1.	0.	0.	
0.	0.	1.	0.	
0.	0.	0.	1.	
Dynamic:	1	

Frame:	97
1.	0.	0.	0.	
0.	1.	0.	0.	
0.	0.	1.	0.	
0.	0.	0.	1.	
Dynamic:	1	

Frame:	98
1.	0.	0.	0.	
0.	1.	0.	0.	
0.	0.	1.	0.	
0.	0.	0.	1.	
Dynamic:	1	

Frame:	99
1.	0.	0.	0.	
0.	1.	0.	0.	
0.	0.	1.	0.	
0.	0.	0.	1.	
Dynamic:	1	

Frame:	100
1.	0.	0.	0.	
0.	1.	0.	0.	
0.	0.	1.	0.	
0.	0.	0.	1.	
Dynamic:	1	

Frame:	101
1.	0.	0.	0.	
0.	1.	0.	0.	
0.	0.	1.	0.	
0.	0.	0.	1.	
Dynamic:	1	

Frame:	102
1.	0.	0.	0.	
0.	1.	0.	0.	
0.	0.	1.	0.	
0.	0.	0.	1.	
Dynamic:	1	

Frame:	103
1.	0.	0.	0.	
0.	1.	0.	0.	
0.	0.	1.	0.	
0.	0.	0.	1.	
Dynamic:	1	

Frame:	104
1.	0.	0.	0.	
0.	1.	0.	0.	
0.	0.	1.	0.	
0.	0.	0.	1.	
Dynamic:	1	

Frame:	105
1.	0.	0.	0.	
0.	1.	0.	0.	
0.	0.	1.	0.	
0.	0.	0.	1.	
Dynamic:	1	

Frame:	106
1.	0.	0.	0.	
0.	1.	0.	0.	
0.	0.	1.	0.	
0.	0.	0.	1.	
Dynamic:	1	

Frame:	107
1.	0.	0.	0.	
0.	1.	0.	0.	
0.	0.	1.	0.	
0.	0.	0.	1.	
Dynamic:	1	

Frame:	108
1.	0.	0.	0.	
0.	1.	0.	0.	
0.	0.	1.	0.	
0.	0.	0.	1.	
Dynamic:	1	

Frame:	109
1.	0.	0.	0.	
0.	1.	0.	0.	
0.	0.	1.	0.	
0.	0.	0.	1.	
Dynamic:	1	

Frame:	110
1.	0.	0.	0.	
0.	1.	0.	0.	
0.	0.	1.	0.	
0.	0.	0.	1.	
Dynamic:	1	

Frame:	111
1.	0.	0.	0.	
0.	1.	0.	0.	
0.	0.	1.	0.	
0.	0.	0.	1.	
Dynamic:	1	

Frame:	112
1.	0.	0.	0.	
0.	1.	0.	0.	
0.	0.	1.	0.	
0.	0.	0.	1.	
Dynamic:	1	

Frame:	113
1.	0.	0.	0.	
0.	1.	0.	0.	
0.	0.	1.	0.	
0.	0.	0.	1.	
Dynamic:	1	

Frame:	114
1.	0.	0.	0.	
0.	1.	0.	0.	
0.	0.	1.	0.	
0.	0.	0.	1.	
Dynamic:	1	

Frame:	115
1.	0.	0.	0.	
0.	1.	0.	0.	
0.	0.	1.	0.	
0.	0.	0.	1.	
Dynamic:	1	

Frame:	116
1.	0.	0.	0.	
0.	1.	0.	0.	
0.	0.	1.	0.	
0.	0.	0.	1.	
Dynamic:	1	

Frame:	117
1.	0.	0.	0.	
0.	1.	0.	0.	
0.	0.	1.	0.	
0.	0.	0.	1.	
Dynamic:	1	

Frame:	118
1.	0.	0.	0.	
0.	1.	0.	0.	
0.	0.	1.	0.	
0.	0.	0.	1.	
Dynamic:	1	

Frame:	119
1.	0.	0.	0.	
0.	1.	0.	0.	
0.	0.	1.	0.	
0.	0.	0.	1.	
Dynamic:	1	

Frame:	120
1.	0.	0.	0.	
0.	1.	0.	0.	
0.	0.	1.	0.	
0.	0.236129	0.	1.	
Dynamic:	1	

Frame:	121
1.	0.	0.	0.	
0.	1.	0.	0.	
0.	0.	1.	0.	
0.	0.236062	0.	1.	
Dynamic:	1	

Frame:	122
1.	0.	0.	0.	
0.	1.	0.	0.	
0.	0.	1.	0.	
0.	0.240153	0.	1.	
Dynamic:	1	

Frame:	123
1.	0.	0.	0.	
0.	1.	0.	0.	
0.	0.	1.	0.	
0.	0.23202	0.	1.	
Dynamic:	1	

Frame:	124
1.	0.	0.	0.	
0.	1.	0.	0.	
0.	0.	1.	0.	
0.	0.237315	0.	1.	
Dynamic:	1	

Frame:	125
1.	0.	0.	0.	
0.	1.	0.	0.	
0.	0.	1.	0.	
0.	0.235764	0.	1.	
Dynamic:	1	

Frame:	126
1.	0.	0.	0.	
0.	1.	0.	0.	
0.	0.	1.	0.	
0.	0.235508	0.	1.	
Dynamic:	1	

Frame:	127
1.	0.	0.	0.	
0.	1.	0.	0.	
0.	0.	1.	0.	
0.	0.23682	0.	1.	
Dynamic:	1	

Frame:	128
1.	0.	0.	0.	
0.	1.	0.	0.	
0.	0.	1.	0.	
0.	0.235135	0.	1.	
Dynamic:	1	

Frame:	129
1.	0.	0.	0.	
0.	1.	0.	0.	
0.	0.	1.	0.	
0.	0.22237	0.	1.	
Dynamic:	1	

Frame:	130
1.	0.	0.	0.	
0.	1.	0.	0.	
0.	0.	1.	0.	
0.	0.236301	0.	1.	
Dynamic:	1	

Frame:	131
1.	0.	0.	0.	
0.	1.	0.	0.	
0.	0.	1.	0.	
0.	0.236166	0.	1.	
Dynamic:	1	

Frame:	132
1.	0.	0.	0.	
0.	1.	0.	0.	
0.	0.	1.	0.	
0.	0.235986	0.	1.	
Dynamic:	1	

Frame:	133
1.	0.	0.	0.	
0.	1.	0.	0.	
0.	0.	1.	0.	
0.	0.235747	0.	1.	
Dynamic:	1	

Frame:	134
1.	0.	0.	0.	
0.	1.	0.	0.	
0.	0.	1.	0.	
0.	0.222357	0.	1.	
Dynamic:	1	

Frame:	135
1.	0.	0.	0.	
0.	1.	0.	0.	
0.	0.	1.	0.	
0.	0.223397	0.	1.	
Dynamic:	1	

Frame:	136
1.	0.	0.	0.	
0.	1.	0.	0.	
0.	0.	1.	0.	
0.	0.234691	0.	1.	
Dynamic:	1	

Frame:	137
1.	0.	0.	0.	
0.	1.	0.	0.	
0.	0.	1.	0.	
0.	0.23651	0.	1.	
Dynamic:	1	

Frame:	138
1.	0.	0.	0.	
0.	1.	0.	0.	
0.	0.	1.	0.	
0.	0.235802	0.	1.	
Dynamic:	1	

Frame:	139
1.	0.	0.	0.	
0.	1.	0.	0.	
0.	0.	1.	0.	
0.	0.236481	0.	1.	
Dynamic:	1	

Frame:	140
1.	0.	0.	0.	
0.	1.	0.	0.	
0.	0.	1.	0.	
0.	0.235802	0.	1.	
Dynamic:	1	

Frame:	141
1.	0.	0.	0.	
0.	1.	0.	0.	
0.	0.	1.	0.	
0.	0.236259	0.	1.	
Dynamic:	1	

Frame:	142
1.	0.	0.	0.	
0.	1.	0.	0.	
0.	0.	1.	0.	
0.	0.236028	0.	1.	
Dynamic:	1	

Frame:	143
1.	0.	0.	0.	
0.	1.	0.	0.	
0.	0.	1.	0.	
0.	0.222365	0.	1.	
Dynamic:	1	

Frame:	144
1.	0.	0.	0.	
0.	1.	0.	0.	
0.	0.	1.	0.	
0.	0.346752	0.	1.	
Dynamic:	1	

Frame:	145
1.	0.	0.	0.	
0.	1.	0.	0.	
0.	0.	1.	0.	
0.	0.23776	0.	1.	
Dynamic:	1	

Frame:	146
1.	0.	0.	0.	
0.	1.	0.	0.	
0.	0.	1.	0.	
0.	0.222181	0.	1.	
Dynamic:	1	

Frame:	147
1.	0.	0.	0.	
0.	1.	0.	0.	
0.	0.	1.	0.	
0.	0.235953	0.	1.	
Dynamic:	1	

Frame:	148
1.	0.	0.	0.	
0.	1.	0.	0.	
0.	0.	1.	0.	
0.	0.222223	0.	1.	
Dynamic:	1	

Frame:	149
1.	0.	0.	0.	
0.	1.	0.	0.	
0.	0.	1.	0.	
0.	0.303768	0.	1.	
Dynamic:	1	

Frame:	150
1.	0.	0.	0.	
0.	1.	0.	0.	
0.	0.	1.	0.	
0.	0.224524	0.	1.	
Dynamic:	1	

Frame:	151
1.	0.	0.	0.	
0.	1.	0.	0.	
0.	0.	1.	0.	
0.	0.235248	0.	1.	
Dynamic:	1	

Frame:	152
1.	0.	0.	0.	
0.	1.	0.	0.	
0.	0.	1.	0.	
0.	0.248433	0.	1.	
Dynamic:	1	

Frame:	153
1.	0.	0.	0.	
0.	1.	0.	0.	
0.	0.	1.	0.	
0.	0.236711	0.	1.	
Dynamic:	1	

Frame:	154
1.	0.	0.	0.	
0.	1.	0.	0.	
0.	0.	1.	0.	
0.	0.236758	0.	1.	
Dynamic:	1	

Frame:	155
1.	0.	0.	0.	
0.	1.	0.	0.	
0.	0.	1.	0.	
0.	0.236024	0.	1.	
Dynamic:	1	

Frame:	156
1.	0.	0.	0.	
0.	1.	0.	0.	
0.	0.	1.	0.	
0.	0.249615	0.	1.	
Dynamic:	1	

Frame:	157
1.	0.	0.	0.	
0.	1.	0.	0.	
0.	0.	1.	0.	
0.	0.236854	0.	1.	
Dynamic:	1	

Frame:	158
1.	0.	0.	0.	
0.	1.	0.	0.	
0.	0.	1.	0.	
0.	0.23542	0.	1.	
Dynamic:	1	

Frame:	159
1.	0.	0.	0.	
0.	1.	0.	0.	
0.	0.	1.	0.	
0.	0.236431	0.	1.	
Dynamic:	1	

Frame:	160
1.	0.	0.	0.	
0.	1.	0.	0.	
0.	0.	1.	0.	
0.	0.237479	0.	1.	
Dynamic:	1	

Frame:	161
1.	0.	0.	0.	
0.	1.	0.	0.	
0.	0.	1.	0.	
0.	0.235408	0.	1.	
Dynamic:	1	

Frame:	162
1.	0.	0.	0.	
0.	1.	0.	0.	
0.	0.	1.	0.	
0.	0.236267	0.	1.	
Dynamic:	1	

Frame:	163
0.999994	-3.59533e-003	0.	0.	
3.59533e-003	0.999994	0.	0.	
0.	0.	1.	0.	
-3.18103e-002	0.21968	0.	1.	
Dynamic:	1	

Frame:	164
0.999985	-5.4589e-003	0.	0.	
5.4589e-003	0.999985	0.	0.	
0.	0.	1.	0.	
-4.86504e-002	0.228843	0.	1.	
Dynamic:	1	

Frame:	165
0.999973	-7.28292e-003	0.	0.	
7.28292e-003	0.999973	0.	0.	
0.	0.	1.	0.	
-6.55653e-002	0.231537	0.	1.	
Dynamic:	1	

Frame:	166
0.999959	-9.03031e-003	0.	0.	
9.03031e-003	0.999959	0.	0.	
0.	0.	1.	0.	
-8.22967e-002	0.227183	0.	1.	
Dynamic:	1	

Frame:	167
0.999941	-1.08915e-002	0.	0.	
1.08915e-002	0.999941	0.	0.	
0.	0.	1.	0.	
-0.100485	0.226052	0.	1.	
Dynamic:	1	

Frame:	168
0.999917	-1.28955e-002	0.	0.	
1.28955e-002	0.999917	0.	0.	
0.	0.	1.	0.	
-0.120643	0.222455	0.	1.	
Dynamic:	1	

Frame:	169
0.999884	-1.52341e-002	0.	0.	
1.52341e-002	0.999884	0.	0.	
0.	0.	1.	0.	
-0.144535	0.222133	0.	1.	
Dynamic:	1	

Frame:	170
0.99985	-1.7332e-002	0.	0.	
1.7332e-002	0.99985	0.	0.	
0.	0.	1.	0.	
-0.166708	0.218292	0.	1.	
Dynamic:	1	

Frame:	171
0.999832	-1.83158e-002	0.	0.	
1.83158e-002	0.999832	0.	0.	
0.	0.	1.	0.	
-0.178505	0.203923	0.	1.	
Dynamic:	1	

Frame:	172
0.999739	-2.28353e-002	0.	0.	
2.28353e-002	0.999739	0.	0.	
0.	0.	1.	0.	
-0.22677	0.211976	0.	1.	
Dynamic:	1	

Frame:	173
0.999695	-2.47083e-002	0.	0.	
2.47083e-002	0.999695	0.	0.	
0.	0.	1.	0.	
-0.247895	0.209474	0.	1.	
Dynamic:	1	

Frame:	174
0.999636	-2.69822e-002	0.	0.	
2.69822e-002	0.999636	0.	0.	
0.	0.	1.	0.	
-0.273876	0.207993	0.	1.	
Dynamic:	1	

Frame:	175
0.999588	-2.87131e-002	0.	0.	
2.87131e-002	0.999588	0.	0.	
0.	0.	1.	0.	
-0.294498	0.20464	0.	1.	
Dynamic:	1	

Frame:	176
0.999522	-3.09044e-002	0.	0.	
3.09044e-002	0.999522	0.	0.	
0.	0.	1.	0.	
-0.320714	0.202717	0.	1.	
Dynamic:	1	

Frame:	177
0.999459	-3.28834e-002	0.	0.	
3.28834e-002	0.999459	0.	0.	
0.	0.	1.	0.	
-0.345031	0.200458	0.	1.	
Dynamic:	1	

Frame:	178
0.999402	-3.45871e-002	0.	0.	
3.45871e-002	0.999402	0.	0.	
0.	0.	1.	0.	
-0.366697	0.197596	0.	1.	
Dynamic:	1	

Frame:	179
0.999338	-3.63856e-002	0.	0.	
3.63856e-002	0.999338	0.	0.	
0.	0.	1.	0.	
-0.389522	0.196336	0.	1.	
Dynamic:	1	

Frame:	180
0.999242	-3.89403e-002	0.	0.	
3.89403e-002	0.999242	0.	0.	
0.	0.	1.	0.	
-0.42317	0.193102	0.	1.	
Dynamic:	1	

Frame:	181
0.999174	-4.06344e-002	0.	0.	
4.06344e-002	0.999174	0.	0.	
0.	0.	1.	0.	
-0.445428	0.192323	0.	1.	
Dynamic:	1	

Frame:	182
0.999131	-4.16737e-002	0.	0.	
4.16737e-002	0.999131	0.	0.	
0.	0.	1.	0.	
-0.460909	0.188556	0.	1.	
Dynamic:	1	

Frame:	183
0.99905	-4.3573e-002	0.	0.	
4.3573e-002	0.99905	0.	0.	
0.	0.	1.	0.	
-0.485517	0.190373	0.	1.	
Dynamic:	1	

Frame:	184
0.999008	-4.45354e-002	0.	0.	
4.45354e-002	0.999008	0.	0.	
0.	0.	1.	0.	
-0.500445	0.18741	0.	1.	
Dynamic:	1	

Frame:	185
0.998949	-4.58442e-002	0.	0.	
4.58442e-002	0.998949	0.	0.	
0.	0.	1.	0.	
-0.518414	0.187988	0.	1.	
Dynamic:	1	

Frame:	186
0.998912	-4.66374e-002	0.	0.	
4.66374e-002	0.998912	0.	0.	
0.	0.	1.	0.	
-0.530836	0.186483	0.	1.	
Dynamic:	1	

Frame:	187
0.998856	-4.78144e-002	0.	0.	
4.78144e-002	0.998856	0.	0.	
0.	0.	1.	0.	
-0.547819	0.186793	0.	1.	
Dynamic:	1	

Frame:	188
0.998804	-4.88978e-002	0.	0.	
4.88978e-002	0.998804	0.	0.	
0.	0.	1.	0.	
-0.564796	0.185935	0.	1.	
Dynamic:	1	

Frame:	189
0.998775	-4.94785e-002	0.	0.	
4.94785e-002	0.998775	0.	0.	
0.	0.	1.	0.	
-0.574925	0.184668	0.	1.	
Dynamic:	1	

Frame:	190
0.998711	-5.07516e-002	0.	0.	
5.07516e-002	0.998711	0.	0.	
0.	0.	1.	0.	
-0.592333	0.187212	0.	1.	
Dynamic:	1	

Frame:	191
0.998683	-5.12978e-002	0.	0.	
5.12978e-002	0.998683	0.	0.	
0.	0.	1.	0.	
-0.601465	0.18699	0.	1.	
Dynamic:	1	

Frame:	192
0.998672	-5.15149e-002	0.	0.	
5.15149e-002	0.998672	0.	0.	
0.	0.	1.	0.	
-0.606863	0.185635	0.	1.	
Dynamic:	1	

Frame:	193
0.998622	-5.24799e-002	0.	0.	
5.24799e-002	0.998622	0.	0.	
0.	0.	1.	0.	
-0.621102	0.187371	0.	1.	
Dynamic:	1	

Frame:	194
0.998615	-5.26058e-002	0.	0.	
5.26058e-002	0.998615	0.	0.	
0.	0.	1.	0.	
-0.624587	0.186625	0.	1.	
Dynamic:	1	

Frame:	195
0.998735	-5.02733e-002	0.	0.	
5.02733e-002	0.998735	0.	0.	
0.	0.	1.	0.	
-0.599505	0.176323	0.	1.	
Dynamic:	1	

Frame:	196
0.998708	-5.08207e-002	0.	0.	
5.08207e-002	0.998708	0.	0.	
0.	0.	1.	0.	
-0.607475	0.177692	0.	1.	
Dynamic:	1	

Frame:	197
0.998537	-5.40778e-002	0.	0.	
5.40778e-002	0.998537	0.	0.	
0.	0.	1.	0.	
-0.648779	0.189028	0.	1.	
Dynamic:	1	

Frame:	198
0.998672	-5.15161e-002	0.	0.	
5.15161e-002	0.998672	0.	0.	
0.	0.	1.	0.	
-0.619278	0.178908	0.	1.	
Dynamic:	1	

Frame:	199
0.998503	-5.47023e-002	0.	0.	
5.47023e-002	0.998503	0.	0.	
0.	0.	1.	0.	
-0.660017	0.190215	0.	1.	
Dynamic:	1	

Frame:	200
0.99849	-5.49267e-002	0.	0.	
5.49267e-002	0.99849	0.	0.	
0.	0.	1.	0.	
-0.663801	0.190806	0.	1.	
Dynamic:	1	

Frame:	201
0.998637	-5.21965e-002	0.	0.	
5.21965e-002	0.998637	0.	0.	
0.	0.	1.	0.	
-0.632068	0.18026	0.	1.	
Dynamic:	1	

Frame:	202
0.99863	-5.23362e-002	0.	0.	
5.23362e-002	0.99863	0.	0.	
0.	0.	1.	0.	
-0.634797	0.180649	0.	1.	
Dynamic:	1	

Frame:	203
0.997913	-6.45742e-002	0.	0.	
6.45742e-002	0.997913	0.	0.	
0.	0.	1.	0.	
-0.782637	0.227682	0.	1.	
Dynamic:	1	

Frame:	204
0.997645	-6.85909e-002	0.	0.	
6.85909e-002	0.997645	0.	0.	
0.	0.	1.	0.	
-0.83157	0.24353	0.	1.	
Dynamic:	1	

Frame:	205
0.998411	-5.63512e-002	0.	0.	
5.63512e-002	0.998411	0.	0.	
0.	0.	1.	0.	
-0.684263	0.195843	0.	1.	
Dynamic:	1	

Frame:	206
0.998603	-5.28306e-002	0.	0.	
5.28306e-002	0.998603	0.	0.	
0.	0.	1.	0.	
-0.641805	0.182467	0.	1.	
Dynamic:	1	

Frame:	207
0.998615	-5.2606e-002	0.	0.	
5.2606e-002	0.998615	0.	0.	
0.	0.	1.	0.	
-0.639095	0.181619	0.	1.	
Dynamic:	1	

Frame:	208
0.998437	-5.58853e-002	0.	0.	
5.58853e-002	0.998437	0.	0.	
0.	0.	1.	0.	
-0.678647	0.194064	0.	1.	
Dynamic:	1	

Frame:	209
0.99845	-5.56618e-002	0.	0.	
5.56618e-002	0.99845	0.	0.	
0.	0.	1.	0.	
-0.675952	0.193211	0.	1.	
Dynamic:	1	

Frame:	210
0.998448	-5.56994e-002	0.	0.	
5.56994e-002	0.998448	0.	0.	
0.	0.	1.	0.	
-0.676405	0.193355	0.	1.	
Dynamic:	1	

Frame:	211
0.998438	-5.58735e-002	0.	0.	
5.58735e-002	0.998438	0.	0.	
0.	0.	1.	0.	
-0.678504	0.194019	0.	1.	
Dynamic:	1	

Frame:	212
0.998444	-5.57696e-002	0.	0.	
5.57696e-002	0.998444	0.	0.	
0.	0.	1.	0.	
-0.677251	0.193623	0.	1.	
Dynamic:	1	

Frame:	213
0.998439	-5.58487e-002	0.	0.	
5.58487e-002	0.998439	0.	0.	
0.	0.	1.	0.	
-0.678205	0.193924	0.	1.	
Dynamic:	1	

Frame:	214
0.998437	-5.58843e-002	0.	0.	
5.58843e-002	0.998437	0.	0.	
0.	0.	1.	0.	
-0.678635	0.19406	0.	1.	
Dynamic:	1	

Frame:	215
0.998635	-5.22271e-002	0.	0.	
5.22271e-002	0.998635	0.	0.	
0.	0.	1.	0.	
-0.634523	0.18019	0.	1.	
Dynamic:	1	

Frame:	216
0.998444	-5.57627e-002	0.	0.	
5.57627e-002	0.998444	0.	0.	
0.	0.	1.	0.	
-0.677168	0.193596	0.	1.	
Dynamic:	1	

Frame:	217
0.998618	-5.25526e-002	0.	0.	
5.25526e-002	0.998618	0.	0.	
0.	0.	1.	0.	
-0.63845	0.181418	0.	1.	
Dynamic:	1	

Frame:	218
0.998443	-5.57835e-002	0.	0.	
5.57835e-002	0.998443	0.	0.	
0.	0.	1.	0.	
-0.677418	0.193675	0.	1.	
Dynamic:	1	

Frame:	219
0.998624	-5.24428e-002	0.	0.	
5.24428e-002	0.998624	0.	0.	
0.	0.	1.	0.	
-0.637125	0.181003	0.	1.	
Dynamic:	1	

Frame:	220
0.998439	-5.58468e-002	0.	0.	
5.58468e-002	0.998439	0.	0.	
0.	0.	1.	0.	
-0.678182	0.193917	0.	1.	
Dynamic:	1	

Frame:	221
0.998449	-5.56717e-002	0.	0.	
5.56717e-002	0.998449	0.	0.	
0.	0.	1.	0.	
-0.676071	0.193249	0.	1.	
Dynamic:	1	

Frame:	222
0.998624	-5.24379e-002	0.	0.	
5.24379e-002	0.998624	0.	0.	
0.	0.	1.	0.	
-0.637066	0.180985	0.	1.	
Dynamic:	1	

Frame:	223
0.998439	-5.58606e-002	0.	0.	
5.58606e-002	0.998439	0.	0.	
0.	0.	1.	0.	
-0.678349	0.19397	0.	1.	
Dynamic:	1	

Frame:	224
0.998445	-5.57429e-002	0.	0.	
5.57429e-002	0.998445	0.	0.	
0.	0.	1.	0.	
-0.676929	0.193521	0.	1.	
Dynamic:	1	

Frame:	225
0.998448	-5.56925e-002	0.	0.	
5.56925e-002	0.998448	0.	0.	
0.	0.	1.	0.	
-0.676321	0.193328	0.	1.	
Dynamic:	1	

Frame:	226
0.998444	-5.57567e-002	0.	0.	
5.57567e-002	0.998444	0.	0.	
0.	0.	1.	0.	
-0.677096	0.193574	0.	1.	
Dynamic:	1	

Frame:	227
0.998441	-5.5824e-002	0.	0.	
5.5824e-002	0.998441	0.	0.	
0.	0.	1.	0.	
-0.677907	0.19383	0.	1.	
Dynamic:	1	

Frame:	228
0.998616	-5.26011e-002	0.	0.	
5.26011e-002	0.998616	0.	0.	
0.	0.	1.	0.	
-0.639035	0.181601	0.	1.	
Dynamic:	1	

Frame:	229
0.998446	-5.57211e-002	0.	0.	
5.57211e-002	0.998446	0.	0.	
0.	0.	1.	0.	
-0.676667	0.193438	0.	1.	
Dynamic:	1	

Frame:	230
0.998436	-5.59021e-002	0.	0.	
5.59021e-002	0.998436	0.	0.	
0.	0.	1.	0.	
-0.678849	0.194128	0.	1.	
Dynamic:	1	

Frame:	231
0.998437	-5.58972e-002	0.	0.	
5.58972e-002	0.998437	0.	0.	
0.	0.	1.	0.	
-0.67879	0.194109	0.	1.	
Dynamic:	1	

Frame:	232
0.998448	-5.56964e-002	0.	0.	
5.56964e-002	0.998448	0.	0.	
0.	0.	1.	0.	
-0.676369	0.193343	0.	1.	
Dynamic:	1	

Frame:	233
0.998447	-5.57182e-002	0.	0.	
5.57182e-002	0.998447	0.	0.	
0.	0.	1.	0.	
-0.676631	0.193426	0.	1.	
Dynamic:	1	

Frame:	234
0.998628	-5.23726e-002	0.	0.	
5.23726e-002	0.998628	0.	0.	
0.	0.	1.	0.	
-0.636278	0.180738	0.	1.	
Dynamic:	1	

Frame:	235
0.998434	-5.59387e-002	0.	0.	
5.59387e-002	0.998434	0.	0.	
0.	0.	1.	0.	
-0.679291	0.194268	0.	1.	
Dynamic:	1	

Frame:	236
0.998437	-5.58834e-002	0.	0.	
5.58834e-002	0.998437	0.	0.	
0.	0.	1.	0.	
-0.678623	0.194056	0.	1.	
Dynamic:	1	

Frame:	237
0.998447	-5.57033e-002	0.	0.	
5.57033e-002	0.998447	0.	0.	
0.	0.	1.	0.	
-0.676452	0.19337	0.	1.	
Dynamic:	1	

Frame:	238
0.998444	-5.57607e-002	0.	0.	
5.57607e-002	0.998444	0.	0.	
0.	0.	1.	0.	
-0.677144	0.193589	0.	1.	
Dynamic:	1	

Frame:	239
0.998434	-5.59427e-002	0.	0.	
5.59427e-002	0.998434	0.	0.	
0.	0.	1.	0.	
-0.679338	0.194283	0.	1.	
Dynamic:	1	

Frame:	240
0.998453	-5.55975e-002	0.	0.	
5.55975e-002	0.998453	0.	0.	
0.	0.	1.	0.	
-0.675176	0.192966	0.	1.	
Dynamic:	1	

Frame:	241
0.998634	-5.22509e-002	0.	0.	
5.22509e-002	0.998634	0.	0.	
0.	0.	1.	0.	
-0.634809	0.180279	0.	1.	
Dynamic:	1	

Frame:	242
0.998425	-5.6097e-002	0.	0.	
5.6097e-002	0.998425	0.	0.	
0.	0.	1.	0.	
-0.681199	0.194872	0.	1.	
Dynamic:	1	

Frame:	243
0.998438	-5.58675e-002	0.	0.	
5.58675e-002	0.998438	0.	0.	
0.	0.	1.	0.	
-0.678432	0.193996	0.	1.	
Dynamic:	1	

Frame:	244
0.998452	-5.56242e-002	0.	0.	
5.56242e-002	0.998452	0.	0.	
0.	0.	1.	0.	
-0.675498	0.193068	0.	1.	
Dynamic:	1	

Frame:	245
0.998444	-5.57548e-002	0.	0.	
5.57548e-002	0.998444	0.	0.	
0.	0.	1.	0.	
-0.677073	0.193566	0.	1.	
Dynamic:	1	

Frame:	246
0.998454	-5.55866e-002	0.	0.	
5.55866e-002	0.998454	0.	0.	
0.	0.	1.	0.	
-0.675045	0.192925	0.	1.	
Dynamic:	1	

Frame:	247
0.99861	-5.2703e-002	0.	0.	
5.2703e-002	0.99861	0.	0.	
0.	0.	1.	0.	
-0.640265	0.181985	0.	1.	
Dynamic:	1	

Frame:	248
0.99845	-5.56549e-002	0.	0.	
5.56549e-002	0.99845	0.	0.	
0.	0.	1.	0.	
-0.675868	0.193185	0.	1.	
Dynamic:	1	

Frame:	249
0.99844	-5.58309e-002	0.	0.	
5.58309e-002	0.99844	0.	0.	
0.	0.	1.	0.	
-0.677991	0.193856	0.	1.	
Dynamic:	1	

Frame:	250
0.998625	-5.2426e-002	0.	0.	
5.2426e-002	0.998625	0.	0.	
0.	0.	1.	0.	
-0.636922	0.18094	0.	1.	
Dynamic:	1	

Frame:	251
0.99844	-5.58418e-002	0.	0.	
5.58418e-002	0.99844	0.	0.	
0.	0.	1.	0.	
-0.678122	0.193898	0.	1.	
Dynamic:	1	

Frame:	252
0.998624	-5.24398e-002	0.	0.	
5.24398e-002	0.998624	0.	0.	
0.	0.	1.	0.	
-0.637089	0.180992	0.	1.	
Dynamic:	1	

Frame:	253
0.998621	-5.24942e-002	0.	0.	
5.24942e-002	0.998621	0.	0.	
0.	0.	1.	0.	
-0.637746	0.181197	0.	1.	
Dynamic:	1	

Frame:	254
0.998444	-5.57587e-002	0.	0.	
5.57587e-002	0.998444	0.	0.	
0.	0.	1.	0.	
-0.67712	0.193581	0.	1.	
Dynamic:	1	

Frame:	255
0.998441	-5.5821e-002	0.	0.	
5.5821e-002	0.998441	0.	0.	
0.	0.	1.	0.	
-0.677872	0.193819	0.	1.	
Dynamic:	1	

Frame:	256
0.998448	-5.56974e-002	0.	0.	
5.56974e-002	0.998448	0.	0.	
0.	0.	1.	0.	
-0.676381	0.193347	0.	1.	
Dynamic:	1	

Frame:	257
0.998621	-5.24972e-002	0.	0.	
5.24972e-002	0.998621	0.	0.	
0.	0.	1.	0.	
-0.637782	0.181208	0.	1.	
Dynamic:	1	

Frame:	258
0.998442	-5.57983e-002	0.	0.	
5.57983e-002	0.998442	0.	0.	
0.	0.	1.	0.	
-0.677597	0.193732	0.	1.	
Dynamic:	1	

Frame:	259
0.998439	-5.58507e-002	0.	0.	
5.58507e-002	0.998439	0.	0.	
0.	0.	1.	0.	
-0.678229	0.193932	0.	1.	
Dynamic:	1	

Frame:	260
0.998631	-5.23092e-002	0.	0.	
5.23092e-002	0.998631	0.	0.	
0.	0.	1.	0.	
-0.635514	0.180499	0.	1.	
Dynamic:	1	

Frame:	261
0.998432	-5.59862e-002	0.	0.	
5.59862e-002	0.998432	0.	0.	
0.	0.	1.	0.	
-0.679863	0.194449	0.	1.	
Dynamic:	1	

Frame:	262
0.998634	-5.22578e-002	0.	0.	
5.22578e-002	0.998634	0.	0.	
0.	0.	1.	0.	
-0.634893	0.180305	0.	1.	
Dynamic:	1	

Frame:	263
0.998432	-5.59842e-002	0.	0.	
5.59842e-002	0.998432	0.	0.	
0.	0.	1.	0.	
-0.679839	0.194441	0.	1.	
Dynamic:	1	

Frame:	264
0.998469	-5.53176e-002	0.	0.	
5.53176e-002	0.998469	0.	0.	
0.	0.	1.	0.	
-0.671801	0.1919	0.	1.	
Dynamic:	1	

Frame:	265
0.998619	-5.25457e-002	0.	0.	
5.25457e-002	0.998619	0.	0.	
0.	0.	1.	0.	
-0.638367	0.181391	0.	1.	
Dynamic:	1	

Frame:	266
0.998434	-5.59407e-002	0.	0.	
5.59407e-002	0.998434	0.	0.	
0.	0.	1.	0.	
-0.679314	0.194275	0.	1.	
Dynamic:	1	

Frame:	267
0.998429	-5.60396e-002	0.	0.	
5.60396e-002	0.998429	0.	0.	
0.	0.	1.	0.	
-0.680507	0.194653	0.	1.	
Dynamic:	1	

Frame:	268
0.998453	-5.56014e-002	0.	0.	
5.56014e-002	0.998453	0.	0.	
0.	0.	1.	0.	
-0.675224	0.192981	0.	1.	
Dynamic:	1	

Frame:	269
0.998631	-5.23112e-002	0.	0.	
5.23112e-002	0.998631	0.	0.	
0.	0.	1.	0.	
-0.635538	0.180507	0.	1.	
Dynamic:	1	

Frame:	270
0.99843	-5.6007e-002	0.	0.	
5.6007e-002	0.99843	0.	0.	
0.	0.	1.	0.	
-0.680113	0.194528	0.	1.	
Dynamic:	1	

Frame:	271
0.998458	-5.55184e-002	0.	0.	
5.55184e-002	0.998458	0.	0.	
0.	0.	1.	0.	
-0.674222	0.192665	0.	1.	
Dynamic:	1	

Frame:	272
0.998443	-5.57815e-002	0.	0.	
5.57815e-002	0.998443	0.	0.	
0.	0.	1.	0.	
-0.677395	0.193668	0.	1.	
Dynamic:	1	

Frame:	273
0.998446	-5.5729e-002	0.	0.	
5.5729e-002	0.998446	0.	0.	
0.	0.	1.	0.	
-0.676762	0.193468	0.	1.	
Dynamic:	1	

Frame:	274
0.998609	-5.27208e-002	0.	0.	
5.27208e-002	0.998609	0.	0.	
0.	0.	1.	0.	
-0.64048	0.182052	0.	1.	
Dynamic:	1	

Frame:	275
0.998623	-5.24685e-002	0.	0.	
5.24685e-002	0.998623	0.	0.	
0.	0.	1.	0.	
-0.637436	0.1811	0.	1.	
Dynamic:	1	

Frame:	276
0.998443	-5.57825e-002	0.	0.	
5.57825e-002	0.998443	0.	0.	
0.	0.	1.	0.	
-0.677406	0.193672	0.	1.	
Dynamic:	1	

Frame:	277
0.998443	-5.57864e-002	0.	0.	
5.57864e-002	0.998443	0.	0.	
0.	0.	1.	0.	
-0.677454	0.193687	0.	1.	
Dynamic:	1	

Frame:	278
0.998622	-5.24764e-002	0.	0.	
5.24764e-002	0.998622	0.	0.	
0.	0.	1.	0.	
-0.637531	0.18113	0.	1.	
Dynamic:	1	

Frame:	279
0.998446	-5.5733e-002	0.	0.	
5.5733e-002	0.998446	0.	0.	
0.	0.	1.	0.	
-0.67681	0.193483	0.	1.	
Dynamic:	1	

Frame:	280
0.998442	-5.57914e-002	0.	0.	
5.57914e-002	0.998442	0.	0.	
0.	0.	1.	0.	
-0.677514	0.193706	0.	1.	
Dynamic:	1	

Frame:	281
0.998447	-5.57093e-002	0.	0.	
5.57093e-002	0.998447	0.	0.	
0.	0.	1.	0.	
-0.676524	0.193392	0.	1.	
Dynamic:	1	

Frame:	282
0.998449	-5.56737e-002	0.	0.	
5.56737e-002	0.998449	0.	0.	
0.	0.	1.	0.	
-0.676095	0.193257	0.	1.	
Dynamic:	1	

Frame:	283
0.998629	-5.23538e-002	0.	0.	
5.23538e-002	0.998629	0.	0.	
0.	0.	1.	0.	
-0.636051	0.180667	0.	1.	
Dynamic:	1	

Frame:	284
0.998627	-5.23815e-002	0.	0.	
5.23815e-002	0.998627	0.	0.	
0.	0.	1.	0.	
-0.636385	0.180772	0.	1.	
Dynamic:	1	

Frame:	285
0.998618	-5.25586e-002	0.	0.	
5.25586e-002	0.998618	0.	0.	
0.	0.	1.	0.	
-0.638522	0.18144	0.	1.	
Dynamic:	1	

Frame:	286
0.998439	-5.58537e-002	0.	0.	
5.58537e-002	0.998439	0.	0.	
0.	0.	1.	0.	
-0.678265	0.193943	0.	1.	
Dynamic:	1	

Frame:	287
0.998432	-5.59783e-002	0.	0.	
5.59783e-002	0.998432	0.	0.	
0.	0.	1.	0.	
-0.679768	0.194419	0.	1.	
Dynamic:	1	

Frame:	288
0.99862	-5.25081e-002	0.	0.	
5.25081e-002	0.99862	0.	0.	
0.	0.	1.	0.	
-0.637913	0.18125	0.	1.	
Dynamic:	1	

Frame:	289
0.998628	-5.23646e-002	0.	0.	
5.23646e-002	0.998628	0.	0.	
0.	0.	1.	0.	
-0.636182	0.180708	0.	1.	
Dynamic:	1	

Frame:	290
0.998449	-5.56826e-002	0.	0.	
5.56826e-002	0.998449	0.	0.	
0.	0.	1.	0.	
-0.676202	0.193291	0.	1.	
Dynamic:	1	

Frame:	291
0.998442	-5.58042e-002	0.	0.	
5.58042e-002	0.998442	0.	0.	
0.	0.	1.	0.	
-0.677669	0.193755	0.	1.	
Dynamic:	1	

Frame:	292
0.998615	-5.26209e-002	0.	0.	
5.26209e-002	0.998615	0.	0.	
0.	0.	1.	0.	
-0.639274	0.181675	0.	1.	
Dynamic:	1	

Frame:	293
0.998449	-5.56687e-002	0.	0.	
5.56687e-002	0.998449	0.	0.	
0.	0.	1.	0.	
-0.676035	0.193238	0.	1.	
Dynamic:	1	

Frame:	294
0.998441	-5.5825e-002	0.	0.	
5.5825e-002	0.998441	0.	0.	
0.	0.	1.	0.	
-0.677919	0.193834	0.	1.	
Dynamic:	1	

Frame:	295
0.998449	-5.56746e-002	0.	0.	
5.56746e-002	0.998449	0.	0.	
0.	0.	1.	0.	
-0.676107	0.19326	0.	1.	
Dynamic:	1	

Frame:	296
0.998429	-5.60327e-002	0.	0.	
5.60327e-002	0.998429	0.	0.	
0.	0.	1.	0.	
-0.680423	0.194626	0.	1.	
Dynamic:	1	

Frame:	297
0.998448	-5.56895e-002	0.	0.	
5.56895e-002	0.998448	0.	0.	
0.	0.	1.	0.	
-0.676285	0.193317	0.	1.	
Dynamic:	1	

Frame:	298
0.998446	-5.57271e-002	0.	0.	
5.57271e-002	0.998446	0.	0.	
0.	0.	1.	0.	
-0.676739	0.19346	0.	1.	
Dynamic:	1	

Frame:	299
0.998621	-5.25061e-002	0.	0.	
5.25061e-002	0.998621	0.	0.	
0.	0.	1.	0.	
-0.637889	0.181242	0.	1.	
Dynamic:	1	

Frame:	300
0.998633	-5.22746e-002	0.	0.	
5.22746e-002	0.998633	0.	0.	
0.	0.	1.	0.	
-0.635096	0.180369	0.	1.	
Dynamic:	1	

Frame:	301
0.998448	-5.56974e-002	0.	0.	
5.56974e-002	0.998448	0.	0.	
0.	0.	1.	0.	
-0.676381	0.193347	0.	1.	
Dynamic:	1	

Frame:	302
0.998605	-5.2799e-002	0.	0.	
5.2799e-002	0.998605	0.	0.	
0.	0.	1.	0.	
-0.641423	0.182348	0.	1.	
Dynamic:	1	

Frame:	303
0.998443	-5.57894e-002	0.	0.	
5.57894e-002	0.998443	0.	0.	
0.	0.	1.	0.	
-0.67749	0.193698	0.	1.	
Dynamic:	1	

Frame:	304
0.998454	-5.55916e-002	0.	0.	
5.55916e-002	0.998454	0.	0.	
0.	0.	1.	0.	
-0.675105	0.192944	0.	1.	
Dynamic:	1	

Frame:	305
0.998456	-5.5551e-002	0.	0.	
5.5551e-002	0.998456	0.	0.	
0.	0.	1.	0.	
-0.674616	0.192789	0.	1.	
Dynamic:	1	

Frame:	306
0.998608	-5.27515e-002	0.	0.	
5.27515e-002	0.998608	0.	0.	
0.	0.	1.	0.	
-0.64085	0.182168	0.	1.	
Dynamic:	1	

Frame:	307
0.99862	-5.25111e-002	0.	0.	
5.25111e-002	0.99862	0.	0.	
0.	0.	1.	0.	
-0.637949	0.181261	0.	1.	
Dynamic:	1	

Frame:	308
0.998439	-5.58517e-002	0.	0.	
5.58517e-002	0.998439	0.	0.	
0.	0.	1.	0.	
-0.678241	0.193936	0.	1.	
Dynamic:	1	

Frame:	309
0.998453	-5.56094e-002	0.	0.	
5.56094e-002	0.998453	0.	0.	
0.	0.	1.	0.	
-0.675319	0.193012	0.	1.	
Dynamic:	1	

Frame:	310
0.998618	-5.25635e-002	0.	0.	
5.25635e-002	0.998618	0.	0.	
0.	0.	1.	0.	
-0.638582	0.181459	0.	1.	
Dynamic:	1	

Frame:	311
0.998442	-5.57973e-002	0.	0.	
5.57973e-002	0.998442	0.	0.	
0.	0.	1.	0.	
-0.677585	0.193728	0.	1.	
Dynamic:	1	

Frame:	312
0.99844	-5.58369e-002	0.	0.	
5.58369e-002	0.99844	0.	0.	
0.	0.	1.	0.	
-0.678062	0.193879	0.	1.	
Dynamic:	1	

Frame:	313
0.998458	-5.55184e-002	0.	0.	
5.55184e-002	0.998458	0.	0.	
0.	0.	1.	0.	
-0.674222	0.192665	0.	1.	
Dynamic:	1	

Frame:	314
0.99843	-5.60169e-002	0.	0.	
5.60169e-002	0.99843	0.	0.	
0.	0.	1.	0.	
-0.680233	0.194566	0.	1.	
Dynamic:	1	

Frame:	315
0.998453	-5.55985e-002	0.	0.	
5.55985e-002	0.998453	0.	0.	
0.	0.	1.	0.	
-0.675188	0.19297	0.	1.	
Dynamic:	1	

Frame:	316
0.99843	-5.60119e-002	0.	0.	
5.60119e-002	0.99843	0.	0.	
0.	0.	1.	0.	
-0.680173	0.194547	0.	1.	
Dynamic:	1	

Frame:	317
0.998451	-5.5638e-002	0.	0.	
5.5638e-002	0.998451	0.	0.	
0.	0.	1.	0.	
-0.675665	0.193121	0.	1.	
Dynamic:	1	

Frame:	318
0.998623	-5.24576e-002	0.	0.	
5.24576e-002	0.998623	0.	0.	
0.	0.	1.	0.	
-0.637304	0.181059	0.	1.	
Dynamic:	1	

Frame:	319
0.998435	-5.59298e-002	0.	0.	
5.59298e-002	0.998435	0.	0.	
0.	0.	1.	0.	
-0.679183	0.194234	0.	1.	
Dynamic:	1	

Frame:	320
0.998448	-5.56865e-002	0.	0.	
5.56865e-002	0.998448	0.	0.	
0.	0.	1.	0.	
-0.67625	0.193306	0.	1.	
Dynamic:	1	

Frame:	321
0.998446	-5.57201e-002	0.	0.	
5.57201e-002	0.998446	0.	0.	
0.	0.	1.	0.	
-0.676655	0.193434	0.	1.	
Dynamic:	1	

Frame:	322
0.99845	-5.56519e-002	0.	0.	
5.56519e-002	0.99845	0.	0.	
0.	0.	1.	0.	
-0.675832	0.193174	0.	1.	
Dynamic:	1	

Frame:	323
0.998612	-5.26684e-002	0.	0.	
5.26684e-002	0.998612	0.	0.	
0.	0.	1.	0.	
-0.639847	0.181854	0.	1.	
Dynamic:	1	

Frame:	324
0.998446	-5.57231e-002	0.	0.	
5.57231e-002	0.998446	0.	0.	
0.	0.	1.	0.	
-0.676691	0.193445	0.	1.	
Dynamic:	1	

Frame:	325
0.998467	-5.53433e-002	0.	0.	
5.53433e-002	0.998467	0.	0.	
0.	0.	1.	0.	
-0.672111	0.191998	0.	1.	
Dynamic:	1	

Frame:	326
0.998421	-5.61732e-002	0.	0.	
5.61732e-002	0.998421	0.	0.	
0.	0.	1.	0.	
-0.682117	0.195163	0.	1.	
Dynamic:	1	

Frame:	327
0.998394	-5.66539e-002	0.	0.	
5.66539e-002	0.998394	0.	0.	
0.	0.	1.	0.	
-0.687911	0.197	0.	1.	
Dynamic:	1	

Frame:	328
0.998497	-5.48141e-002	0.	0.	
5.48141e-002	0.998497	0.	0.	
0.	0.	1.	0.	
-0.66573	0.189984	0.	1.	
Dynamic:	1	

Frame:	329
0.998439	-5.58517e-002	0.	0.	
5.58517e-002	0.998439	0.	0.	
0.	0.	1.	0.	
-0.678241	0.193936	0.	1.	
Dynamic:	1	

Frame:	330
0.998627	-5.23923e-002	0.	0.	
5.23923e-002	0.998627	0.	0.	
0.	0.	1.	0.	
-0.636516	0.180813	0.	1.	
Dynamic:	1	

Frame:	331
0.998447	-5.57142e-002	0.	0.	
5.57142e-002	0.998447	0.	0.	
0.	0.	1.	0.	
-0.676584	0.193411	0.	1.	
Dynamic:	1	

Frame:	332
0.99863	-5.2329e-002	0.	0.	
5.2329e-002	0.99863	0.	0.	
0.	0.	1.	0.	
-0.635752	0.180574	0.	1.	
Dynamic:	1	

Frame:	333
0.998449	-5.56707e-002	0.	0.	
5.56707e-002	0.998449	0.	0.	
0.	0.	1.	0.	
-0.676059	0.193245	0.	1.	
Dynamic:	1	

Frame:	334
0.998425	-5.61049e-002	0.	0.	
5.61049e-002	0.998425	0.	0.	
0.	0.	1.	0.	
-0.681294	0.194902	0.	1.	
Dynamic:	1	

Frame:	335
0.998434	-5.59467e-002	0.	0.	
5.59467e-002	0.998434	0.	0.	
0.	0.	1.	0.	
-0.679386	0.194298	0.	1.	
Dynamic:	1	

Frame:	336
0.998446	-5.5732e-002	0.	0.	
5.5732e-002	0.998446	0.	0.	
0.	0.	1.	0.	
-0.676798	0.193479	0.	1.	
Dynamic:	1	

Frame:	337
0.998453	-5.56064e-002	0.	0.	
5.56064e-002	0.998453	0.	0.	
0.	0.	1.	0.	
-0.675284	0.193	0.	1.	
Dynamic:	1	

Frame:	338
0.998447	-5.57122e-002	0.	0.	
5.57122e-002	0.998447	0.	0.	
0.	0.	1.	0.	
-0.67656	0.193404	0.	1.	
Dynamic:	1	

Frame:	339
0.99844	-5.5827e-002	0.	0.	
5.5827e-002	0.99844	0.	0.	
0.	0.	1.	0.	
-0.677943	0.193841	0.	1.	
Dynamic:	1	

Frame:	340
0.998454	-5.55757e-002	0.	0.	
5.55757e-002	0.998454	0.	0.	
0.	0.	1.	0.	
-0.674914	0.192883	0.	1.	
Dynamic:	1	

Frame:	341
0.998434	-5.59437e-002	0.	0.	
5.59437e-002	0.998434	0.	0.	
0.	0.	1.	0.	
-0.67935	0.194287	0.	1.	
Dynamic:	1	

Frame:	342
0.998406	-5.64373e-002	0.	0.	
5.64373e-002	0.998406	0.	0.	
0.	0.	1.	0.	
-0.6853	0.196172	0.	1.	
Dynamic:	1	

Frame:	343
0.997473	-7.10408e-002	0.	0.	
7.10408e-002	0.997473	0.	0.	
0.	0.	1.	0.	
-0.860998	0.253297	0.	1.	
Dynamic:	1	

Frame:	344
0.998374	-5.70001e-002	0.	0.	
5.70001e-002	0.998374	0.	0.	
0.	0.	1.	0.	
-0.692084	0.198324	0.	1.	
Dynamic:	1	

Frame:	345
0.998467	-5.53542e-002	0.	0.	
5.53542e-002	0.998467	0.	0.	
0.	0.	1.	0.	
-0.672242	0.192039	0.	1.	
Dynamic:	1	

Frame:	346
0.998388	-5.67617e-002	0.	0.	
5.67617e-002	0.998388	0.	0.	
0.	0.	1.	0.	
-0.689211	0.197412	0.	1.	
Dynamic:	1	

Frame:	347
0.998524	-5.43195e-002	0.	0.	
5.43195e-002	0.998524	0.	0.	
0.	0.	1.	0.	
-0.659765	0.188105	0.	1.	
Dynamic:	1	

Frame:	348
0.99861	-5.27149e-002	0.	0.	
5.27149e-002	0.99861	0.	0.	
0.	0.	1.	0.	
-0.640408	0.18203	0.	1.	
Dynamic:	1	

Frame:	349
0.998499	-5.47676e-002	0.	0.	
5.47676e-002	0.998499	0.	0.	
0.	0.	1.	0.	
-0.665169	0.189807	0.	1.	
Dynamic:	1	

Frame:	350
0.998397	-5.65935e-002	0.	0.	
5.65935e-002	0.998397	0.	0.	
0.	0.	1.	0.	
-0.687184	0.196769	0.	1.	
Dynamic:	1	

Frame:	351
0.998435	-5.59269e-002	0.	0.	
5.59269e-002	0.998435	0.	0.	
0.	0.	1.	0.	
-0.679148	0.194223	0.	1.	
Dynamic:	1	

Frame:	352
0.998463	-5.54185e-002	0.	0.	
5.54185e-002	0.998463	0.	0.	
0.	0.	1.	0.	
-0.673018	0.192284	0.	1.	
Dynamic:	1	

Frame:	353
0.998447	-5.57103e-002	0.	0.	
5.57103e-002	0.998447	0.	0.	
0.	0.	1.	0.	
-0.676536	0.193396	0.	1.	
Dynamic:	1	

Frame:	354
0.998441	-5.58102e-002	0.	0.	
5.58102e-002	0.998441	0.	0.	
0.	0.	1.	0.	
-0.67774	0.193777	0.	1.	
Dynamic:	1	

Frame:	355
0.998619	-5.25299e-002	0.	0.	
5.25299e-002	0.998619	0.	0.	
0.	0.	1.	0.	
-0.638176	0.181332	0.	1.	
Dynamic:	1	

Frame:	356
0.998437	-5.58883e-002	0.	0.	
5.58883e-002	0.998437	0.	0.	
0.	0.	1.	0.	
-0.678682	0.194075	0.	1.	
Dynamic:	1	

Frame:	357
0.998449	-5.56806e-002	0.	0.	
5.56806e-002	0.998449	0.	0.	
0.	0.	1.	0.	
-0.676178	0.193283	0.	1.	
Dynamic:	1	

Frame:	358
0.99843	-5.60189e-002	0.	0.	
5.60189e-002	0.99843	0.	0.	
0.	0.	1.	0.	
-0.680257	0.194574	0.	1.	
Dynamic:	1	

Frame:	359
0.998454	-5.55866e-002	0.	0.	
5.55866e-002	0.998454	0.	0.	
0.	0.	1.	0.	
-0.675045	0.192925	0.	1.	
Dynamic:	1	

Frame:	360
0.998433	-5.59526e-002	0.	0.	
5.59526e-002	0.998433	0.	0.	
0.	0.	1.	0.	
-0.679458	0.194321	0.	1.	
Dynamic:	1	

Frame:	361
0.998451	-5.5646e-002	0.	0.	
5.5646e-002	0.998451	0.	0.	
0.	0.	1.	0.	
-0.675761	0.193151	0.	1.	
Dynamic:	1	

Frame:	362
0.998444	-5.57627e-002	0.	0.	
5.57627e-002	0.998444	0.	0.	
0.	0.	1.	0.	
-0.677168	0.193596	0.	1.	
Dynamic:	1	

Frame:	363
0.998613	-5.26575e-002	0.	0.	
5.26575e-002	0.998613	0.	0.	
0.	0.	1.	0.	
-0.639716	0.181813	0.	1.	
Dynamic:	1	

Frame:	364
0.998442	-5.58042e-002	0.	0.	
5.58042e-002	0.998442	0.	0.	
0.	0.	1.	0.	
-0.677669	0.193755	0.	1.	
Dynamic:	1	

Frame:	365
0.998451	-5.56331e-002	0.	0.	
5.56331e-002	0.998451	0.	0.	
0.	0.	1.	0.	
-0.675606	0.193102	0.	1.	
Dynamic:	1	

Frame:	366
0.998639	-5.21589e-002	0.	0.	
5.21589e-002	0.998639	0.	0.	
0.	0.	1.	0.	
-0.633699	0.179932	0.	1.	
Dynamic:	1	

Frame:	367
0.998615	-5.26189e-002	0.	0.	
5.26189e-002	0.998615	0.	0.	
0.	0.	1.	0.	
-0.63925	0.181668	0.	1.	
Dynamic:	1	

Frame:	368
0.998438	-5.58636e-002	0.	0.	
5.58636e-002	0.998438	0.	0.	
0.	0.	1.	0.	
-0.678384	0.193981	0.	1.	
Dynamic:	1	

Frame:	369
